Dot-level Baudot: cols2-6 on background_ERROR
Columns: [2, 3, 4, 5, 6]
Total: 500 frames

RAW HEX:
02 09 09 07 09 02 09 09 07 09 02 09 09 07 09 02 09 09 07 09 
02 09 09 07 09 02 09 09 07 09 02 09 09 07 09 02 09 09 07 09 
02 09 09 07 09 02 09 09 07 09 02 09 09 07 09 02 09 09 07 09 
02 09 09 07 09 02 09 09 07 09 02 09 09 07 09 02 09 09 07 09 
02 09 09 07 09 08 09 09 09 0B 02 09 09 07 09 02 09 09 07 09 
02 09 09 07 09 02 09 09 07 09 02 09 09 07 09 02 09 09 07 09 
02 09 09 07 09 02 09 09 07 09 02 09 09 07 09 02 09 09 07 09 
02 09 09 07 09 02 09 09 07 09 02 09 09 07 09 02 09 09 07 09 
02 09 09 07 09 02 09 09 07 09 02 09 09 07 09 02 09 09 07 09 
02 09 09 07 09 02 09 09 07 09 02 09 09 07 09 02 09 09 07 09 
02 09 09 07 09 02 09 09 07 09 02 09 09 07 09 02 09 09 07 09 
02 09 09 07 09 02 09 09 07 09 02 09 09 07 09 02 09 09 07 09 
02 09 09 07 09 02 09 09 07 09 02 09 09 07 09 02 09 09 07 09 
02 09 09 07 09 02 09 09 07 09 02 09 09 07 09 02 09 09 07 09 
02 09 09 07 09 02 09 09 07 09 02 09 09 07 09 02 09 09 07 09 
02 09 09 07 09 02 09 09 07 09 02 09 09 07 09 02 09 09 07 09 
02 09 09 07 09 02 09 09 07 09 02 09 09 07 09 02 09 09 07 09 
02 09 09 07 09 02 09 09 07 09 02 09 09 07 09 02 09 09 07 09 
02 09 09 07 09 02 09 09 07 09 02 09 09 07 09 02 09 09 07 09 
02 09 09 07 09 02 09 09 07 09 02 09 09 07 09 02 09 09 07 09 
02 09 09 07 09 02 09 09 07 09 02 09 09 07 09 02 09 09 07 09 
02 09 09 07 09 02 09 09 07 09 02 09 09 07 09 02 09 09 07 09 
02 09 09 07 09 02 09 09 07 09 02 09 09 07 09 02 09 09 07 09 
02 09 09 07 09 02 09 09 07 09 02 09 09 07 09 02 09 09 07 09 
02 09 09 07 09 02 09 09 07 09 02 09 09 07 09 02 09 09 07 09 


BAUDOT:

LLML
LLML
LLML
LLML
LLML
LLML
LLML
LLML
LLML
LLML
LLML
LLML
LLML
LLML
LLML
LLML
LLMLLLLG
LLML
LLML
LLML
LLML
LLML
LLML
LLML
LLML
LLML
LLML
LLML
LLML
LLML
LLML
LLML
LLML
LLML
LLML
LLML
LLML
LLML
LLML
LLML
LLML
LLML
LLML
LLML
LLML
LLML
LLML
LLML
LLML
LLML
LLML
LLML
LLML
LLML
LLML
LLML
LLML
LLML
LLML
LLML
LLML
LLML
LLML
LLML
LLML
LLML
LLML
LLML
LLML
LLML
LLML
LLML
LLML
LLML
LLML
LLML
LLML
LLML
LLML
LLML
LLML
LLML
LLML
LLML
LLML
LLML
LLML
LLML
LLML
LLML
LLML
LLML
LLML
LLML
LLML
LLML
LLML
LLML
LLML

ASCII of raw values:
[02] [09] [09] [07] [09] [02] [09] [09] [07] [09] [02] [09] [09] [07] [09] [02] [09] [09] [07] [09] [02] [09] [09] [07] [09] [02] [09] [09] [07] [09] [02] [09] [09] [07] [09] [02] [09] [09] [07] [09] 
[02] [09] [09] [07] [09] [02] [09] [09] [07] [09] [02] [09] [09] [07] [09] [02] [09] [09] [07] [09] [02] [09] [09] [07] [09] [02] [09] [09] [07] [09] [02] [09] [09] [07] [09] [02] [09] [09] [07] [09] 
[02] [09] [09] [07] [09] [08] [09] [09] [09] [0B] [02] [09] [09] [07] [09] [02] [09] [09] [07] [09] [02] [09] [09] [07] [09] [02] [09] [09] [07] [09] [02] [09] [09] [07] [09] [02] [09] [09] [07] [09] 
[02] [09] [09] [07] [09] [02] [09] [09] [07] [09] [02] [09] [09] [07] [09] [02] [09] [09] [07] [09] [02] [09] [09] [07] [09] [02] [09] [09] [07] [09] [02] [09] [09] [07] [09] [02] [09] [09] [07] [09] 
[02] [09] [09] [07] [09] [02] [09] [09] [07] [09] [02] [09] [09] [07] [09] [02] [09] [09] [07] [09] [02] [09] [09] [07] [09] [02] [09] [09] [07] [09] [02] [09] [09] [07] [09] [02] [09] [09] [07] [09] 
[02] [09] [09] [07] [09] [02] [09] [09] [07] [09] [02] [09] [09] [07] [09] [02] [09] [09] [07] [09] [02] [09] [09] [07] [09] [02] [09] [09] [07] [09] [02] [09] [09] [07] [09] [02] [09] [09] [07] [09] 
[02] [09] [09] [07] [09] [02] [09] [09] [07] [09] [02] [09] [09] [07] [09] [02] [09] [09] [07] [09] [02] [09] [09] [07] [09] [02] [09] [09] [07] [09] [02] [09] [09] [07] [09] [02] [09] [09] [07] [09] 
[02] [09] [09] [07] [09] [02] [09] [09] [07] [09] [02] [09] [09] [07] [09] [02] [09] [09] [07] [09] [02] [09] [09] [07] [09] [02] [09] [09] [07] [09] [02] [09] [09] [07] [09] [02] [09] [09] [07] [09] 
[02] [09] [09] [07] [09] [02] [09] [09] [07] [09] [02] [09] [09] [07] [09] [02] [09] [09] [07] [09] [02] [09] [09] [07] [09] [02] [09] [09] [07] [09] [02] [09] [09] [07] [09] [02] [09] [09] [07] [09] 
[02] [09] [09] [07] [09] [02] [09] [09] [07] [09] [02] [09] [09] [07] [09] [02] [09] [09] [07] [09] [02] [09] [09] [07] [09] [02] [09] [09] [07] [09] [02] [09] [09] [07] [09] [02] [09] [09] [07] [09] 
[02] [09] [09] [07] [09] [02] [09] [09] [07] [09] [02] [09] [09] [07] [09] [02] [09] [09] [07] [09] [02] [09] [09] [07] [09] [02] [09] [09] [07] [09] [02] [09] [09] [07] [09] [02] [09] [09] [07] [09] 
[02] [09] [09] [07] [09] [02] [09] [09] [07] [09] [02] [09] [09] [07] [09] [02] [09] [09] [07] [09] [02] [09] [09] [07] [09] [02] [09] [09] [07] [09] [02] [09] [09] [07] [09] [02] [09] [09] [07] [09] 
[02] [09] [09] [07] [09] [02] [09] [09] [07] [09] [02] [09] [09] [07] [09] [02] [09] [09] [07] [09] 