================================================================================
METHOD 1: 8-Track Tape Row-Major (content_all)
================================================================================

Each 5×8 block read row-by-row (5 rows × 8 bits = 5 bytes per block).
Block order: left-to-right within band, top-to-bottom across bands (2000 frames total).
Grid source: content_all

Total frames: 2000
Printable ASCII: 253 (12.7%)
Alpha letters: 197 (9.8%)
Unique byte values: 20


--------------------------------------------------------------------------------
RAW FRAMES (hex)
--------------------------------------------------------------------------------

0000: 00 00 00 00 00 00 00 00 00 00 00 00 00 00 00 04   ................
0010: 04 00 00 00 00 00 00 00 00 04 04 00 00 00 00 00   ................
0020: 00 00 00 04 04 00 00 00 00 00 00 00 00 0C 04 00   ................
0030: 00 00 00 00 00 00 00 0C 04 00 00 00 44 44 00 00   ............DD..
0040: 00 0C 04 00 00 00 40 00 00 00 00 0C 04 00 00 00   ......@.........
0050: 00 00 00 00 00 04 00 00 00 00 00 00 00 00 00 00   ................
0060: 00 00 00 00 00 00 00 00 00 00 00 00 00 00 00 00   ................
0070: 03 00 00 00 00 00 00 01 00 03 03 00 04 00 00 00   ................
0080: 00 01 00 00 03 00 00 00 00 00 00 21 00 41 43 00   ...........!.AC.
0090: 04 00 00 00 00 71 00 00 43 00 44 00 00 00 10 73   .....q..C.D....s
00A0: 00 00 43 00 00 00 00 00 00 01 00 00 43 00 00 00   ..C.........C...
00B0: 00 00 00 00 00 00 00 00 00 00 00 00 00 00 00 00   ................
00C0: 00 00 00 00 00 00 00 00 00 00 00 00 00 04 0C 00   ................
00D0: 00 00 00 40 00 00 00 04 0C 00 00 00 40 40 00 00   ...@........@@..
00E0: 00 04 04 00 00 00 00 01 00 00 00 04 0C 00 00 00   ................
00F0: 00 03 00 00 00 0C 0C 00 00 00 40 00 00 00 00 04   ..........@.....
0100: 0C 00 10 00 40 00 00 00 00 04 0C 00 01 00 00 00   ....@...........
0110: 00 00 00 00 00 00 00 00 00 00 00 00 00 00 04 00   ................
0120: 00 00 00 00 00 00 00 00 00 00 00 00 00 00 00 00   ................
0130: 00 00 00 00 00 01 00 00 00 00 00 00 00 00 00 31   ...............1
0140: 00 00 00 00 04 00 00 00 01 71 00 00 00 04 04 00   .........q......
0150: 00 00 00 73 00 00 00 00 04 00 00 00 01 F3 00 00   ...s............
0160: 00 00 44 00 00 00 10 51 00 00 00 00 00 00 00 00   ..D....Q........
0170: 00 01 00 00 00 00 00 00 00 00 00 00 00 00 00 00   ................
0180: 00 00 00 00 00 00 00 00 00 00 00 00 00 00 00 00   ................
0190: 00 00 00 00 00 00 04 00 00 00 00 00 00 00 00 00   ................
01A0: 04 00 01 00 00 00 00 00 00 04 04 00 00 00 00 00   ................
01B0: 00 04 00 04 04 00 00 00 44 00 00 04 00 0C 04 00   ........D.......
01C0: 01 41 00 00 00 00 00 00 04 10 11 51 00 07 04 04   .A.........Q....
01D0: 04 00 0C 00 01 41 00 01 04 00 04 00 0C 00 00 00   .....A..........
01E0: 00 40 00 00 00 00 0C 00 00 00 00 00 00 00 00 00   .@..............
01F0: 04 00 00 00 00 00 03 04 00 00 00 00 01 01 00 00   ................
0200: 03 04 00 00 00 00 31 71 00 00 03 04 00 00 00 00   ......1q........
0210: 31 21 00 00 03 00 00 00 00 00 01 01 00 00 03 04   1!..............
0220: 00 00 00 00 31 71 04 00 03 40 44 51 00 00 11 71   ....1q...@DQ...q
0230: 04 00 03 04 04 01 00 00 21 71 04 00 03 00 00 00   ........!q......
0240: 00 00 01 21 00 00 03 04 00 00 00 00 00 01 00 00   ...!............
0250: 00 00 00 00 00 00 00 01 00 00 00 00 00 04 0C 00   ................
0260: 00 00 00 40 00 00 00 04 0C 00 00 00 40 41 00 00   ...@........@A..
0270: 00 04 0C 00 01 41 00 41 00 00 00 0C 0C 00 00 00   .....A.A........
0280: 40 43 00 00 00 0C 0C 00 00 00 C7 47 00 00 00 CC   @C.........G....
0290: 8C 00 00 00 44 47 00 00 00 0C 0C 00 00 00 00 00   ....DG..........
02A0: 00 00 00 00 04 00 00 00 00 00 00 00 00 00 0C 00   ................
02B0: 00 00 00 00 00 00 00 00 04 00 00 00 00 00 03 00   ................
02C0: 00 00 00 00 00 00 00 43 43 00 00 00 00 00 00 31   .......CC......1
02D0: 00 47 C7 00 04 00 00 00 01 71 00 40 C7 00 04 00   .G.......q.@....
02E0: 00 00 00 F3 00 00 43 00 04 00 00 00 01 F3 00 43   ......C........C
02F0: 47 44 5C 00 00 01 11 F3 00 47 C7 00 04 00 00 00   GD\......G......
0300: 10 73 00 C7 C7 00 0C 00 00 00 10 F1 00 40 47 00   .s...........@G.
0310: 04 00 00 00 00 71 00 00 43 00 00 00 00 00 01 31   .....q..C......1
0320: 00 00 00 00 00 00 00 00 00 01 00 00 00 00 00 04   ................
0330: 04 00 31 00 00 00 04 84 00 04 04 01 71 01 44 00   ..1.........q.D.
0340: 84 CC 04 0C 04 01 73 41 40 00 04 CC 04 0C 04 41   ......sA@......A
0350: F3 61 44 00 44 CC 44 04 04 14 73 55 44 00 04 CC   .aD.D.D...sUD...
0360: 04 0C 00 00 73 71 40 00 04 9C 00 0C 00 00 73 01   ....sq@.......s.
0370: 00 00 04 04 00 04 00 00 31 00 00 00 00 04 00 04   ........1.......
0380: 00 00 31 00 04 07 03 04 C4 41 00 00 01 F7 CC C7   ..1......A......
0390: 43 04 8C F3 00 00 31 F3 CC C7 43 04 C4 F1 00 00   C.....1...C.....
03A0: 31 F1 CC C7 03 04 04 F3 00 00 01 73 CC C7 00 00   1..........s....
03B0: 04 F3 00 00 00 71 CD C7 00 00 40 F3 01 00 10 71   .....q....@....q
03C0: CC C7 00 00 00 F3 00 00 00 71 C4 43 00 00 00 71   .........q.C...q
03D0: 00 00 00 01 84 43 00 00 00 71 00 00 00 01 04 40   .....C...q.....@
03E0: 00 00 00 41 00 00 00 01 00 00 00 00 00 04 00 00   ...A............
03F0: 01 01 00 00 00 0C 04 04 04 00 33 11 00 00 00 8C   ..........3.....
0400: 04 00 04 00 73 71 00 00 04 CC 04 00 04 00 73 F3   ....sq........s.
0410: 00 00 00 CC A4 00 1C 31 73 71 00 41 5C 4C 44 00   .......1sq.A\LD.
0420: 2C 73 73 F3 00 C7 CC 84 84 00 0C 73 73 F1 00 C7   ,ss........ss...
0430: DC C4 04 00 0C 71 73 71 00 47 C4 04 00 00 1C 70   .....qsq.G.....p
0440: 31 41 00 43 04 00 00 00 0C 00 00 01 04 03 00 00   1A.C............
0450: 00 43 00 00 00 00 8C 00 00 00 00 71 00 00 00 00   .C.........q....
0460: 04 00 00 00 00 71 00 00 00 00 04 00 00 00 00 F3   .....q..........
0470: 00 00 00 00 84 00 01 00 00 71 00 00 00 00 44 00   .........q....D.
0480: 00 00 00 F1 00 00 00 00 04 00 00 00 00 61 00 00   .............a..
0490: 00 00 04 00 00 00 00 41 00 00 00 01 04 00 00 00   .......A........
04A0: 00 00 00 00 00 01 00 00 00 00 00 00 00 00 00 01   ................
04B0: 00 00 00 00 00 00 04 00 00 00 00 00 00 04 04 00   ................
04C0: 04 00 00 41 00 00 00 00 04 00 04 00 01 41 00 00   ...A.........A..
04D0: 00 00 00 00 0C 00 01 51 00 01 04 04 04 00 0C 01   .......Q........
04E0: 71 F1 00 00 44 04 44 00 0C 11 11 51 00 40 04 00   q...D.D....Q.@..
04F0: 04 00 0C 00 01 40 00 03 04 00 00 04 0C 41 00 00   .....@.......A..
0500: 00 47 04 00 00 04 8C 01 00 00 00 43 04 00 00 0C   .G.........C....
0510: 0C 00 01 00 00 00 03 00 00 00 00 00 00 01 00 01   ................
0520: 03 00 00 00 00 00 00 21 00 03 43 00 00 00 00 00   .......!..C.....
0530: 00 71 00 43 47 04 0C 00 00 00 11 F3 04 43 C7 00   .q.CG........C..
0540: 84 40 00 00 31 F3 00 43 C7 44 5C 10 00 00 13 F3   .@..1..C.D\.....
0550: 00 42 C7 04 C4 00 00 00 71 F3 00 00 47 04 C4 00   .B......q...G...
0560: 00 00 21 F3 00 00 43 C4 CC 00 00 00 73 F3 00 00   ..!...C.....s...
0570: 43 C4 84 00 00 00 01 71 00 00 84 84 00 04 0C 40   C......q.......@
0580: 73 00 00 00 00 0C 00 0C 0C 00 73 01 41 03 00 04   s.........s.A...
0590: 00 CC 0C 01 71 01 47 41 04 CC 00 CC 4C 50 73 41   ....q.GA....LPsA
05A0: C7 00 04 CC 04 CC 0C 00 F3 41 C7 00 44 4C 44 CC   .........A..DLD.
05B0: 04 10 73 51 C7 00 04 C4 04 DC 0C 00 73 71 C5 00   ..sQ........sq..
05C0: 04 CC 04 8C 04 01 F3 71 44 00 04 CC 04 0C 04 00   .......qD.......
05D0: 71 71 04 00 00 04 00 04 00 00 31 41 00 00 03 00   qq........1A....
05E0: 00 01 00 00 01 01 04 47 47 00 04 73 00 00 01 71   .......GG..s...q
05F0: C4 C7 C7 00 00 71 00 00 01 71 04 C7 43 00 00 F3   .....q...q..C...
0600: 00 00 01 71 CC C7 03 04 04 F1 00 00 01 71 CC C7   ...q.........q..
0610: 03 44 44 F3 00 00 10 73 CC C7 02 00 04 F3 00 00   .DD....s........
0620: 00 73 CC C7 01 00 04 F3 01 00 00 71 CC C7 03 00   .s.........q....
0630: 00 F3 00 00 00 71 CD C7 00 00 00 F1 00 00 00 01   .....q..........
0640: 00 00 00 84 00 00 04 00 73 41 00 00 00 CC 00 00   ........sA......
0650: 04 00 01 41 00 00 00 04 04 00 04 00 01 01 00 00   ...A............
0660: 00 04 00 00 04 00 01 01 00 00 00 04 00 00 04 00   ................
0670: 31 00 00 00 00 44 00 00 0C 01 11 10 00 C7 CC 00   1....D..........
0680: 00 00 0C 71 21 01 00 C0 C4 04 04 00 0C 71 01 51   ...q!........q.Q
0690: 00 47 CC 04 04 00 0C 71 31 00 00 47 04 00 00 00   .G.....q1..G....
06A0: 0C 01 01 01 04 00 03 04 04 61 00 00 33 73 04 00   .........a..3s..
06B0: 03 CC 0C 41 00 00 F3 F3 04 00 43 CC CC 41 00 00   ...A......C..A..
06C0: F3 F3 04 00 43 CC 84 41 00 00 F3 F1 04 00 43 CC   ....C..A......C.
06D0: 04 00 00 00 F3 71 44 00 43 CC 44 11 00 00 F3 51   .....qD.C.D....Q
06E0: 00 00 47 C4 00 01 00 00 73 71 04 00 03 84 00 41   ..G.....sq.....A
06F0: 00 00 73 71 04 00 01 00 00 00 00 00 31 01 00 00   ..sq........1...
0700: 00 00 00 01 00 00 01 31 80 C7 00 00 00 0C CC 01   .......1........
0710: 00 00 C7 CF 04 00 00 CE CC 51 00 00 C7 CF 04 00   .........Q......
0720: 00 CC CC 41 00 00 C7 CF 84 00 00 CC CC 73 00 00   ...A.........s..
0730: 44 CF CC 00 00 0C CC F3 00 00 40 C7 CC 00 00 04   D.........@.....
0740: CC F1 00 00 44 C7 C4 00 00 0C CC 40 00 00 40 C7   ....D......@..@.
0750: 00 00 00 1C CC 00 00 00 00 43 00 00 00 04 1C 00   .........C......
0760: 00 00 00 41 00 00 00 04 0C 00 00 00 00 00 00 00   ...A............
0770: CC 00 00 00 00 F3 00 00 00 00 CC 00 00 00 00 F3   ................
0780: 00 00 03 00 CC 00 00 00 00 F1 00 00 00 00 CC 00   ................
0790: 00 00 00 F3 00 00 00 01 4C 00 00 00 00 F3 00 00   ........L.......
07A0: 00 00 4D 00 00 00 00 F3 00 00 02 00 CC 00 00 00   ..M.............
07B0: 00 F3 00 00 00 00 CC 00 00 00 00 F3 00 00 00 00   ................
07C0: CC 00 00 00 00 F3 00 00 00 00 CC 00 00 00 00 F1   ................

--------------------------------------------------------------------------------
DECODED TEXT
--------------------------------------------------------------------------------

[00][00][00][00][00][00][00][00][00][00][00][00][00][00][00][04][04][00][00][00][00][00][00][00][00][04][04][00][00][00][00][00][00][00][00][04][04][00][00][00][00][00][00][00][00][0C][04][00][00][00][00][00][00][00][00][0C][04][00][00][00]DD[00][00][00][0C][04][00][00][00]@[00][00][00][00][0C][04][00][00][00][00][00][00][00][00][04][00][00][00][00][00][00][00][00][00][00][00][00][00][00][00][00][00][00][00][00][00][00][00][00][00][00][03][00][00][00][00][00][00][01][00][03][03][00][04][00][00][00][00][01][00][00][03][00][00][00][00][00][00]![00]AC[00][04][00][00][00][00]q[00][00]C[00]D[00][00][00][10]s[00][00]C[00][00][00][00][00][00][01][00][00]C[00][00][00][00][00][00][00][00][00][00][00][00][00][00][00][00][00][00][00][00][00][00][00][00][00][00][00][00][00][00][00][00][04][0C][00][00][00][00]@[00][00][00][04][0C][00][00][00]@@[00][00][00][04][04][00][00][00][00][01][00][00][00][04][0C][00][00][00][00][03][00][00][00][0C][0C][00][00][00]@[00][00][00][00][04][0C][00][10][00]@[00][00][00][00][04][0C][00][01][00][00][00][00][00][00][00][00][00][00][00][00][00][00][00][00][00][04][00][00][00][00][00][00][00][00][00][00][00][00][00][00][00][00][00][00][00][00][00][00][01][00][00][00][00][00][00][00][00][00]1[00][00][00][00][04][00][00][00][01]q[00][00][00][04][04][00][00][00][00]s[00][00][00][00][04][00][00][00][01][F3][00][00][00][00]D[00][00][00][10]Q[00][00][00][00][00][00][00][00][00][01][00][00][00][00][00][00][00][00][00][00][00][00][00][00][00][00][00][00][00][00][00][00][00][00][00][00][00][00][00][00][00][00][00][00][00][00][04][00][00][00][00][00][00][00][00][00][04][00][01][00][00][00][00][00][00][04][04][00][00][00][00][00][00][04][00][04][04][00][00][00]D[00][00][04][00][0C][04][00][01]A[00][00][00][00][00][00][04][10][11]Q[00][07][04][04][04][00][0C][00][01]A[00][01][04][00][04][00][0C][00][00][00][00]@[00][00][00][00][0C][00][00][00][00][00][00][00][00][00][04][00][00][00][00][00][03][04][00][00][00][00][01][01][00][00][03][04][00][00][00][00]1q[00][00][03][04][00][00][00][00]1![00][00][03][00][00][00][00][00][01][01][00][00][03][04][00][00][00][00]1q[04][00][03]@DQ[00][00][11]q[04][00][03][04][04][01][00][00]!q[04][00][03][00][00][00][00][00][01]![00][00][03][04][00][00][00][00][00][01][00][00][00][00][00][00][00][00][00][01][00][00][00][00][00][04][0C][00][00][00][00]@[00][00][00][04][0C][00][00][00]@A[00][00][00][04][0C][00][01]A[00]A[00][00][00][0C][0C][00][00][00]@C[00][00][00][0C][0C][00][00][00][C7]G[00][00][00][CC][8C][00][00][00]DG[00][00][00][0C][0C][00][00][00][00][00][00][00][00][00][04][00][00][00][00][00][00][00][00][00][0C][00][00][00][00][00][00][00][00][00][04][00][00][00][00][00][03][00][00][00][00][00][00][00][00]CC[00][00][00][00][00][00]1[00]G[C7][00][04][00][00][00][01]q[00]@[C7][00][04][00][00][00][00][F3][00][00]C[00][04][00][00][00][01][F3][00]CGD\[00][00][01][11][F3][00]G[C7][00][04][00][00][00][10]s[00][C7][C7][00][0C][00][00][00][10][F1][00]@G[00][04][00][00][00][00]q[00][00]C[00][00][00][00][00][01]1[00][00][00][00][00][00][00][00][00][01][00][00][00][00][00][04][04][00]1[00][00][00][04][84][00][04][04][01]q[01]D[00][84][CC][04][0C][04][01]sA@[00][04][CC][04][0C][04]A[F3]aD[00]D[CC]D[04][04][14]sUD[00][04][CC][04][0C][00][00]sq@[00][04][9C][00][0C][00][00]s[01][00][00][04][04][00][04][00][00]1[00][00][00][00][04][00][04][00][00]1[00][04][07][03][04][C4]A[00][00][01][F7][CC][C7]C[04][8C][F3][00][00]1[F3][CC][C7]C[04][C4][F1][00][00]1[F1][CC][C7][03][04][04][F3][00][00][01]s[CC][C7][00][00][04][F3][00][00][00]q[CD][C7][00][00]@[F3][01][00][10]q[CC][C7][00][00][00][F3][00][00][00]q[C4]C[00][00][00]q[00][00][00][01][84]C[00][00][00]q[00][00][00][01][04]@[00][00][00]A[00][00][00][01][00][00][00][00][00][04][00][00][01][01][00][00][00][0C][04][04][04][00]3[11][00][00][00][8C][04][00][04][00]sq[00][00][04][CC][04][00][04][00]s[F3][00][00][00][CC][A4][00][1C]1sq[00]A\LD[00],ss[F3][00][C7][CC][84][84][00][0C]ss[F1][00][C7][DC][C4][04][00][0C]qsq[00]G[C4][04][00][00][1C]p1A[00]C[04][00][00][00][0C][00][00][01][04][03][00][00][00]C[00][00][00][00][8C][00][00][00][00]q[00][00][00][00][04][00][00][00][00]q[00][00][00][00][04][00][00][00][00][F3][00][00][00][00][84][00][01][00][00]q[00][00][00][00]D[00][00][00][00][F1][00][00][00][00][04][00][00][00][00]a[00][00][00][00][04][00][00][00][00]A[00][00][00][01][04][00][00][00][00][00][00][00][00][01][00][00][00][00][00][00][00][00][00][01][00][00][00][00][00][00][04][00][00][00][00][00][00][04][04][00][04][00][00]A[00][00][00][00][04][00][04][00][01]A[00][00][00][00][00][00][0C][00][01]Q[00][01][04][04][04][00][0C][01]q[F1][00][00]D[04]D[00][0C][11][11]Q[00]@[04][00][04][00][0C][00][01]@[00][03][04][00][00][04][0C]A[00][00][00]G[04][00][00][04][8C][01][00][00][00]C[04][00][00][0C][0C][00][01][00][00][00][03][00][00][00][00][00][00][01][00][01][03][00][00][00][00][00][00]![00][03]C[00][00][00][00][00][00]q[00]CG[04][0C][00][00][00][11][F3][04]C[C7][00][84]@[00][00]1[F3][00]C[C7]D\[10][00][00][13][F3][00]B[C7][04][C4][00][00][00]q[F3][00][00]G[04][C4][00][00][00]![F3][00][00]C[C4][CC][00][00][00]s[F3][00][00]C[C4][84][00][00][00][01]q[00][00][84][84][00][04][0C]@s[00][00][00][00][0C][00][0C][0C][00]s[01]A[03][00][04][00][CC][0C][01]q[01]GA[04][CC][00][CC]LPsA[C7][00][04][CC][04][CC][0C][00][F3]A[C7][00]DLD[CC][04][10]sQ[C7][00][04][C4][04][DC][0C][00]sq[C5][00][04][CC][04][8C][04][01][F3]qD[00][04][CC][04][0C][04][00]qq[04][00][00][04][00][04][00][00]1A[00][00][03][00][00][01][00][00][01][01][04]GG[00][04]s[00][00][01]q[C4][C7][C7][00][00]q[00][00][01]q[04][C7]C[00][00][F3][00][00][01]q[CC][C7][03][04][04][F1][00][00][01]q[CC][C7][03]DD[F3][00][00][10]s[CC][C7][02][00][04][F3][00][00][00]s[CC][C7][01][00][04][F3][01][00][00]q[CC][C7][03][00][00][F3][00][00][00]q[CD][C7][00][00][00][F1][00][00][00][01][00][00][00][84][00][00][04][00]sA[00][00][00][CC][00][00][04][00][01]A[00][00][00][04][04][00][04][00][01][01][00][00][00][04][00][00][04][00][01][01][00][00][00][04][00][00][04][00]1[00][00][00][00]D[00][00][0C][01][11][10][00][C7][CC][00][00][00][0C]q![01][00][C0][C4][04][04][00][0C]q[01]Q[00]G[CC][04][04][00][0C]q1[00][00]G[04][00][00][00][0C][01][01][01][04][00][03][04][04]a[00][00]3s[04][00][03][CC][0C]A[00][00][F3][F3][04][00]C[CC][CC]A[00][00][F3][F3][04][00]C[CC][84]A[00][00][F3][F1][04][00]C[CC][04][00][00][00][F3]qD[00]C[CC]D[11][00][00][F3]Q[00][00]G[C4][00][01][00][00]sq[04][00][03][84][00]A[00][00]sq[04][00][01][00][00][00][00][00]1[01][00][00][00][00][00][01][00][00][01]1[80][C7][00][00][00][0C][CC][01][00][00][C7][CF][04][00][00][CE][CC]Q[00][00][C7][CF][04][00][00][CC][CC]A[00][00][C7][CF][84][00][00][CC][CC]s[00][00]D[CF][CC][00][00][0C][CC][F3][00][00]@[C7][CC][00][00][04][CC][F1][00][00]D[C7][C4][00][00][0C][CC]@[00][00]@[C7][00][00][00][1C][CC][00][00][00][00]C[00][00][00][04][1C][00][00][00][00]A[00][00][00][04][0C][00][00][00][00][00][00][00][CC][00][00][00][00][F3][00][00][00][00][CC][00][00][00][00][F3][00][00][03][00][CC][00][00][00][00][F1][00][00][00][00][CC][00][00][00][00][F3][00][00][00][01]L[00][00][00][00][F3][00][00][00][00]M[00][00][00][00][F3][00][00][02][00][CC][00][00][00][00][F3][00][00][00][00][CC][00][00][00][00][F3][00][00][00][00][CC][00][00][00][00][F3][00][00][00][00][CC][00][00][00][00][F1]

--------------------------------------------------------------------------------
ALL UNIQUE BYTE STATS
--------------------------------------------------------------------------------

  0x21    !:    7 #######
  0x2C    ,:    1 #
  0x31    1:   19 ###################
  0x33    3:    2 ##
  0x40    @:   24 ########################
  0x41    A:   29 #############################
  0x42    B:    1 #
  0x43    C:   29 #############################
  0x44    D:   28 ############################
  0x47    G:   16 ################
  0x4C    L:    4 ####
  0x4D    M:    1 #
  0x50    P:    1 #
  0x51    Q:    9 #########
  0x55    U:    1 #
  0x5C    \:    3 ###
  0x61    a:    3 ###
  0x70    p:    1 #
  0x71    q:   44 ########################################
  0x73    s:   30 ##############################
