================================================================================
METHOD 6: Continuous Tape (content_all)
================================================================================

No 8×5 block boundaries - continuous read across all 160 columns.
Each row of 160 bits = 20 bytes.
100 rows = 2000 bytes total.

Total frames: 2000
Printable ASCII: 253 (12.7%)
Alpha letters: 197 (9.8%)
Unique byte values: 20


--------------------------------------------------------------------------------
RAW FRAMES (hex)
--------------------------------------------------------------------------------

0000: 00 00 00 04 00 04 00 04 00 0C 00 0C 44 0C 40 0C   ............D.@.
0010: 00 04 00 00 00 00 00 04 00 04 00 04 00 04 00 04   ................
0020: 44 04 00 04 00 00 00 00 00 00 00 00 00 00 00 00   D...............
0030: 00 00 00 00 00 00 00 00 00 00 00 00 00 00 00 00   ................
0040: 00 00 00 00 00 00 00 00 00 00 00 00 00 00 00 00   ................
0050: 00 00 00 00 00 00 00 00 00 00 00 00 00 00 00 00   ................
0060: 00 00 00 00 00 00 00 00 00 00 00 00 00 00 00 00   ................
0070: 00 00 00 00 00 00 00 00 00 00 00 00 03 00 00 00   ................
0080: 41 00 00 00 00 00 00 00 00 00 00 00 00 00 03 00   A...............
0090: 03 00 03 00 43 00 43 00 43 00 43 00 00 00 00 00   ....C.C.C.C.....
00A0: 00 00 00 00 00 00 00 00 00 00 00 10 00 00 00 00   ................
00B0: 00 00 00 00 00 00 00 01 04 01 00 21 04 71 44 73   ...........!.qDs
00C0: 00 01 00 00 00 00 00 00 00 04 00 04 40 04 00 04   ............@...
00D0: 00 0C 40 04 40 04 00 00 00 00 00 00 00 0C 40 0C   ..@.@.........@.
00E0: 40 04 01 0C 03 0C 00 0C 00 0C 00 00 00 04 00 00   @...............
00F0: 00 00 00 00 00 00 00 00 00 00 00 00 00 00 00 00   ................
0100: 00 00 00 00 00 00 00 00 00 00 00 00 00 00 00 10   ................
0110: 00 01 00 00 00 00 00 00 00 00 00 00 00 00 00 00   ................
0120: 00 00 00 00 00 00 00 00 00 00 00 00 00 00 00 00   ................
0130: 00 00 00 00 00 00 00 00 00 00 00 00 00 00 00 00   ................
0140: 00 00 00 00 00 00 00 00 00 00 00 00 00 00 00 00   ................
0150: 00 00 00 00 00 00 00 00 00 00 00 00 00 00 00 00   ................
0160: 00 00 00 00 00 00 00 00 00 00 00 00 00 01 04 00   ................
0170: 00 01 00 10 00 00 00 00 00 00 00 00 00 01 00 31   ...............1
0180: 04 71 04 73 04 F3 44 51 00 01 00 00 00 00 00 00   .q.s..DQ........
0190: 00 00 00 00 00 04 00 04 44 0C 00 00 00 00 00 00   ........D.......
01A0: 00 00 00 00 00 04 00 04 00 04 00 04 00 04 00 04   ................
01B0: 07 0C 01 0C 40 0C 00 04 00 00 00 00 00 00 00 00   ....@...........
01C0: 00 00 00 10 04 00 04 00 00 00 00 00 00 00 00 01   ................
01D0: 00 00 04 00 04 01 00 11 04 01 00 00 00 00 00 00   ................
01E0: 00 00 00 00 00 00 00 00 00 41 00 51 04 41 04 00   .........A.Q.A..
01F0: 00 00 00 00 00 00 00 00 00 00 00 00 00 00 04 51   ...............Q
0200: 04 01 04 00 00 00 00 00 00 00 00 00 00 00 00 00   ................
0210: 00 00 00 00 00 00 00 00 00 00 00 00 03 00 03 00   ................
0220: 03 00 03 00 03 00 03 00 03 00 03 00 03 00 00 00   ................
0230: 04 01 04 31 04 31 00 01 04 31 40 11 04 21 00 01   ...1.1...1@..!..
0240: 04 00 00 00 00 01 00 71 00 21 00 01 00 71 44 71   .......q.!...qDq
0250: 04 71 00 21 00 01 00 01 00 04 00 04 40 04 00 0C   .q.!........@...
0260: 40 0C C7 CC 44 0C 00 00 00 00 00 00 00 0C 40 0C   @...D.........@.
0270: 41 0C 41 0C 43 0C 47 8C 47 0C 00 04 00 0C 00 04   A.A.C.G.G.......
0280: 00 00 00 00 00 00 00 00 00 00 00 00 00 00 00 00   ................
0290: 00 00 00 00 00 00 00 00 00 01 00 00 00 00 00 00   ................
02A0: 00 00 00 00 00 00 00 00 00 00 00 00 00 41 00 00   .............A..
02B0: 00 00 00 00 00 00 00 00 00 00 00 00 00 00 00 00   ................
02C0: 00 00 00 00 00 00 00 00 00 00 00 00 00 00 00 00   ................
02D0: 00 00 43 00 47 00 40 00 00 00 43 00 47 00 C7 00   ..C.G.@...C.G...
02E0: 40 00 00 00 03 00 43 00 C7 00 C7 00 43 00 47 01   @.....C.....C.G.
02F0: C7 00 C7 00 47 00 43 00 00 00 00 00 00 01 00 00   ....G.C.........
0300: 00 01 44 11 00 10 00 10 00 00 00 01 00 00 00 31   ..D............1
0310: 04 71 04 F3 04 F3 5C F3 04 73 0C F1 04 71 00 31   .q....\..s...q.1
0320: 00 00 00 04 00 04 44 0C 40 0C 44 04 44 0C 40 0C   ......D.@.D.D.@.
0330: 00 04 00 04 00 00 00 04 00 04 00 04 00 04 00 04   ................
0340: 00 00 00 00 00 00 00 00 00 00 00 00 04 01 84 01   ................
0350: 04 41 44 14 04 00 04 00 04 00 00 00 00 00 00 31   .AD............1
0360: 84 71 CC 73 CC F3 CC 73 CC 73 9C 73 04 31 04 31   .q.s...s.s.s.1.1
0370: 00 01 00 00 00 01 04 41 04 61 44 55 04 71 00 01   .......A.aDU.q..
0380: 00 00 00 00 04 41 CC F3 CC F1 CC F3 CC F3 CD F3   .....A..........
0390: CC F3 C4 71 84 71 04 41 07 00 C7 00 C7 00 C7 00   ...q.q.A........
03A0: C7 00 C7 01 C7 00 43 00 43 00 40 00 03 00 43 00   ......C.C.@...C.
03B0: 43 00 03 00 00 00 00 00 00 00 00 00 00 00 00 00   C...............
03C0: 04 01 04 31 04 31 04 01 00 00 00 10 00 00 00 00   ...1.1..........
03D0: 00 00 00 00 C4 F7 8C F3 C4 F1 04 73 04 71 40 71   ...........s.q@q
03E0: 00 71 00 01 00 01 00 01 00 04 00 04 00 00 00 00   .q..............
03F0: 00 00 00 00 00 00 00 00 00 00 00 00 00 00 00 04   ................
0400: 00 04 00 04 00 1C 41 2C C7 0C C7 0C 47 1C 43 0C   ......A,....G.C.
0410: 00 00 00 00 00 00 04 00 00 31 5C 73 CC 73 DC 71   .........1\s.s.q
0420: C4 70 04 00 00 01 0C 33 8C 73 CC 73 CC 73 4C 73   .p.....3.s.s.sLs
0430: 84 73 C4 73 04 31 00 00 00 01 04 11 04 71 04 F3   .s.s.1.......q..
0440: A4 71 44 F3 84 F1 04 71 00 41 00 01 04 43 8C 71   .qD....q.A...C.q
0450: 04 71 04 F3 84 71 44 F1 04 61 04 41 04 00 00 00   .q...qD..a.A....
0460: 03 00 00 00 00 00 00 00 00 00 00 00 00 00 00 00   ................
0470: 00 00 00 00 00 00 00 00 00 00 00 00 01 00 00 00   ................
0480: 00 00 00 00 00 00 00 00 00 00 00 00 00 00 00 00   ................
0490: 00 00 00 00 00 00 00 00 00 00 00 00 00 00 00 00   ................
04A0: 00 00 00 00 00 00 00 00 00 00 00 01 00 01 00 01   ................
04B0: 00 00 00 00 00 00 00 00 00 00 00 00 00 00 00 04   ................
04C0: 00 04 00 0C 00 04 00 04 00 04 00 0C 01 0C 00 0C   ................
04D0: 40 0C 03 0C 47 8C 43 0C 00 00 00 00 00 00 00 00   @...G.C.........
04E0: 04 01 44 11 04 00 04 41 04 01 04 00 00 00 04 00   ..D....A........
04F0: 00 01 00 01 04 71 04 11 00 01 00 00 00 00 00 01   .....q..........
0500: 00 00 04 41 04 41 00 51 04 F1 44 51 04 40 00 00   ...A.A.Q..DQ.@..
0510: 00 00 00 00 00 00 00 00 00 00 00 00 04 40 00 10   .............@..
0520: 00 00 00 00 00 00 00 00 00 00 01 00 03 00 43 00   ..............C.
0530: 43 00 43 00 42 00 00 00 00 00 00 00 03 00 03 00   C.C.B...........
0540: 43 00 47 00 C7 00 C7 00 C7 00 47 00 43 00 43 00   C.G.......G.C.C.
0550: 00 00 00 00 00 00 04 11 00 31 44 13 04 71 04 21   .........1D..q.!
0560: C4 73 C4 01 00 01 00 21 00 71 0C F3 84 F3 5C F3   .s.....!.q....\.
0570: C4 F3 C4 F3 CC F3 84 71 00 04 00 0C 41 CC 47 CC   .......q....A.G.
0580: C7 CC C7 CC C7 DC C5 8C 44 0C 04 04 00 0C 00 0C   ........D.......
0590: 03 0C 41 4C 00 0C 00 04 00 0C 00 04 00 04 00 00   ..AL............
05A0: 84 40 00 00 00 01 04 50 04 00 44 10 04 00 04 01   .@.....P..D.....
05B0: 04 00 00 00 84 73 0C 73 04 71 CC 73 CC F3 4C 73   .....s.s.q.s..Ls
05C0: C4 73 CC F3 CC 71 04 31 00 00 00 01 00 01 00 41   .s...q.1.......A
05D0: 04 41 44 51 04 71 04 71 04 71 00 41 00 01 04 73   .ADQ.q.q.q.A...s
05E0: C4 71 04 F3 CC F1 CC F3 CC F3 CC F3 CC F3 CD F1   .q..............
05F0: 00 00 47 00 C7 00 C7 00 C7 00 C7 00 C7 00 C7 01   ..G.............
0600: C7 00 C7 00 03 00 47 00 C7 00 43 00 03 00 03 00   ......G...C.....
0610: 02 00 01 00 03 00 00 00 00 01 00 01 00 01 00 01   ................
0620: 04 01 44 10 00 00 00 00 00 00 00 00 00 01 04 71   ..D............q
0630: 00 71 00 71 04 71 44 73 04 73 04 71 00 71 00 01   .q.q.qDs.s.q.q..
0640: 00 00 00 00 00 00 00 00 00 00 00 00 00 00 00 00   ................
0650: 00 00 00 00 00 04 00 04 00 04 00 04 00 04 00 0C   ................
0660: C7 0C C0 0C 47 0C 47 0C 00 00 00 00 00 00 00 00   ....G.G.........
0670: 00 00 00 01 CC 71 C4 71 CC 71 04 01 84 73 CC 01   .....q.q.q...s..
0680: 04 01 04 01 04 31 44 11 00 21 04 01 04 31 00 01   .....1D..!...1..
0690: 00 41 00 41 04 01 00 01 00 00 00 10 00 01 04 51   .A.A...........Q
06A0: 04 00 00 01 04 61 04 41 04 41 04 41 04 00 44 11   .....a.A.A.A..D.
06B0: 00 01 04 41 04 00 00 01 00 00 00 00 00 00 00 00   ...A............
06C0: 00 00 00 00 00 00 00 00 00 00 00 00 03 00 03 00   ................
06D0: 43 00 43 00 43 00 43 00 47 00 03 00 01 00 00 00   C.C.C.C.G.......
06E0: 04 33 CC F3 CC F3 CC F3 CC F3 CC F3 C4 73 84 73   .3...........s.s
06F0: 00 31 00 01 04 73 0C F3 CC F3 84 F1 04 71 44 51   .1...s.......qDQ
0700: 00 71 00 71 00 01 00 31 80 0C C7 CE C7 CC C7 CC   .q.q...1........
0710: 44 0C 40 04 44 0C 40 1C 00 04 00 04 C7 CC CF CC   D.@.D.@.........
0720: CF CC CF CC CF CC C7 CC C7 CC C7 CC 43 1C 41 0C   ............C.A.
0730: 00 01 04 51 04 41 84 73 CC F3 CC F1 C4 40 00 00   ...Q.A.s.....@..
0740: 00 00 00 00 00 00 00 00 00 00 00 00 00 00 00 00   ................
0750: 00 00 00 00 00 00 00 00 00 00 00 00 00 00 00 00   ................
0760: 00 00 00 00 00 00 00 00 00 00 00 00 00 00 00 00   ................
0770: 00 00 00 00 00 00 00 00 00 00 00 00 00 00 00 00   ................
0780: 00 00 00 00 00 00 00 00 00 00 00 00 00 00 00 00   ................
0790: 00 00 00 00 00 00 00 00 03 00 00 00 00 00 00 00   ................
07A0: 02 00 00 00 00 00 00 00 00 00 00 00 00 00 00 00   ................
07B0: 01 00 00 00 00 00 00 00 00 00 00 00 CC F3 CC F3   ................
07C0: CC F1 CC F3 4C F3 4D F3 CC F3 CC F3 CC F3 CC F1   ....L.M.........

--------------------------------------------------------------------------------
DECODED TEXT
--------------------------------------------------------------------------------

[00][00][00][04][00][04][00][04][00][0C][00][0C]D[0C]@[0C][00][04][00][00][00][00][00][04][00][04][00][04][00][04][00][04]D[04][00][04][00][00][00][00][00][00][00][00][00][00][00][00][00][00][00][00][00][00][00][00][00][00][00][00][00][00][00][00][00][00][00][00][00][00][00][00][00][00][00][00][00][00][00][00][00][00][00][00][00][00][00][00][00][00][00][00][00][00][00][00][00][00][00][00][00][00][00][00][00][00][00][00][00][00][00][00][00][00][00][00][00][00][00][00][00][00][00][00][03][00][00][00]A[00][00][00][00][00][00][00][00][00][00][00][00][00][03][00][03][00][03][00]C[00]C[00]C[00]C[00][00][00][00][00][00][00][00][00][00][00][00][00][00][00][00][10][00][00][00][00][00][00][00][00][00][00][00][01][04][01][00]![04]qDs[00][01][00][00][00][00][00][00][00][04][00][04]@[04][00][04][00][0C]@[04]@[04][00][00][00][00][00][00][00][0C]@[0C]@[04][01][0C][03][0C][00][0C][00][0C][00][00][00][04][00][00][00][00][00][00][00][00][00][00][00][00][00][00][00][00][00][00][00][00][00][00][00][00][00][00][00][00][00][00][00][00][00][10][00][01][00][00][00][00][00][00][00][00][00][00][00][00][00][00][00][00][00][00][00][00][00][00][00][00][00][00][00][00][00][00][00][00][00][00][00][00][00][00][00][00][00][00][00][00][00][00][00][00][00][00][00][00][00][00][00][00][00][00][00][00][00][00][00][00][00][00][00][00][00][00][00][00][00][00][00][00][00][00][00][00][00][00][00][00][00][00][00][00][00][00][00][01][04][00][00][01][00][10][00][00][00][00][00][00][00][00][00][01][00]1[04]q[04]s[04][F3]DQ[00][01][00][00][00][00][00][00][00][00][00][00][00][04][00][04]D[0C][00][00][00][00][00][00][00][00][00][00][00][04][00][04][00][04][00][04][00][04][00][04][07][0C][01][0C]@[0C][00][04][00][00][00][00][00][00][00][00][00][00][00][10][04][00][04][00][00][00][00][00][00][00][00][01][00][00][04][00][04][01][00][11][04][01][00][00][00][00][00][00][00][00][00][00][00][00][00][00][00]A[00]Q[04]A[04][00][00][00][00][00][00][00][00][00][00][00][00][00][00][00][04]Q[04][01][04][00][00][00][00][00][00][00][00][00][00][00][00][00][00][00][00][00][00][00][00][00][00][00][00][00][03][00][03][00][03][00][03][00][03][00][03][00][03][00][03][00][03][00][00][00][04][01][04]1[04]1[00][01][04]1@[11][04]![00][01][04][00][00][00][00][01][00]q[00]![00][01][00]qDq[04]q[00]![00][01][00][01][00][04][00][04]@[04][00][0C]@[0C][C7][CC]D[0C][00][00][00][00][00][00][00][0C]@[0C]A[0C]A[0C]C[0C]G[8C]G[0C][00][04][00][0C][00][04][00][00][00][00][00][00][00][00][00][00][00][00][00][00][00][00][00][00][00][00][00][00][00][00][00][01][00][00][00][00][00][00][00][00][00][00][00][00][00][00][00][00][00][00][00]A[00][00][00][00][00][00][00][00][00][00][00][00][00][00][00][00][00][00][00][00][00][00][00][00][00][00][00][00][00][00][00][00][00][00][00][00]C[00]G[00]@[00][00][00]C[00]G[00][C7][00]@[00][00][00][03][00]C[00][C7][00][C7][00]C[00]G[01][C7][00][C7][00]G[00]C[00][00][00][00][00][00][01][00][00][00][01]D[11][00][10][00][10][00][00][00][01][00][00][00]1[04]q[04][F3][04][F3]\[F3][04]s[0C][F1][04]q[00]1[00][00][00][04][00][04]D[0C]@[0C]D[04]D[0C]@[0C][00][04][00][04][00][00][00][04][00][04][00][04][00][04][00][04][00][00][00][00][00][00][00][00][00][00][00][00][04][01][84][01][04]AD[14][04][00][04][00][04][00][00][00][00][00][00]1[84]q[CC]s[CC][F3][CC]s[CC]s[9C]s[04]1[04]1[00][01][00][00][00][01][04]A[04]aDU[04]q[00][01][00][00][00][00][04]A[CC][F3][CC][F1][CC][F3][CC][F3][CD][F3][CC][F3][C4]q[84]q[04]A[07][00][C7][00][C7][00][C7][00][C7][00][C7][01][C7][00]C[00]C[00]@[00][03][00]C[00]C[00][03][00][00][00][00][00][00][00][00][00][00][00][00][00][04][01][04]1[04]1[04][01][00][00][00][10][00][00][00][00][00][00][00][00][C4][F7][8C][F3][C4][F1][04]s[04]q@q[00]q[00][01][00][01][00][01][00][04][00][04][00][00][00][00][00][00][00][00][00][00][00][00][00][00][00][00][00][00][00][04][00][04][00][04][00][1C]A,[C7][0C][C7][0C]G[1C]C[0C][00][00][00][00][00][00][04][00][00]1\s[CC]s[DC]q[C4]p[04][00][00][01][0C]3[8C]s[CC]s[CC]sLs[84]s[C4]s[04]1[00][00][00][01][04][11][04]q[04][F3][A4]qD[F3][84][F1][04]q[00]A[00][01][04]C[8C]q[04]q[04][F3][84]qD[F1][04]a[04]A[04][00][00][00][03][00][00][00][00][00][00][00][00][00][00][00][00][00][00][00][00][00][00][00][00][00][00][00][00][00][00][00][01][00][00][00][00][00][00][00][00][00][00][00][00][00][00][00][00][00][00][00][00][00][00][00][00][00][00][00][00][00][00][00][00][00][00][00][00][00][00][00][00][00][00][00][00][00][00][01][00][01][00][01][00][00][00][00][00][00][00][00][00][00][00][00][00][00][00][04][00][04][00][0C][00][04][00][04][00][04][00][0C][01][0C][00][0C]@[0C][03][0C]G[8C]C[0C][00][00][00][00][00][00][00][00][04][01]D[11][04][00][04]A[04][01][04][00][00][00][04][00][00][01][00][01][04]q[04][11][00][01][00][00][00][00][00][01][00][00][04]A[04]A[00]Q[04][F1]DQ[04]@[00][00][00][00][00][00][00][00][00][00][00][00][00][00][04]@[00][10][00][00][00][00][00][00][00][00][00][00][01][00][03][00]C[00]C[00]C[00]B[00][00][00][00][00][00][00][03][00][03][00]C[00]G[00][C7][00][C7][00][C7][00]G[00]C[00]C[00][00][00][00][00][00][00][04][11][00]1D[13][04]q[04]![C4]s[C4][01][00][01][00]![00]q[0C][F3][84][F3]\[F3][C4][F3][C4][F3][CC][F3][84]q[00][04][00][0C]A[CC]G[CC][C7][CC][C7][CC][C7][DC][C5][8C]D[0C][04][04][00][0C][00][0C][03][0C]AL[00][0C][00][04][00][0C][00][04][00][04][00][00][84]@[00][00][00][01][04]P[04][00]D[10][04][00][04][01][04][00][00][00][84]s[0C]s[04]q[CC]s[CC][F3]Ls[C4]s[CC][F3][CC]q[04]1[00][00][00][01][00][01][00]A[04]ADQ[04]q[04]q[04]q[00]A[00][01][04]s[C4]q[04][F3][CC][F1][CC][F3][CC][F3][CC][F3][CC][F3][CD][F1][00][00]G[00][C7][00][C7][00][C7][00][C7][00][C7][00][C7][01][C7][00][C7][00][03][00]G[00][C7][00]C[00][03][00][03][00][02][00][01][00][03][00][00][00][00][01][00][01][00][01][00][01][04][01]D[10][00][00][00][00][00][00][00][00][00][01][04]q[00]q[00]q[04]qDs[04]s[04]q[00]q[00][01][00][00][00][00][00][00][00][00][00][00][00][00][00][00][00][00][00][00][00][00][00][04][00][04][00][04][00][04][00][04][00][0C][C7][0C][C0][0C]G[0C]G[0C][00][00][00][00][00][00][00][00][00][00][00][01][CC]q[C4]q[CC]q[04][01][84]s[CC][01][04][01][04][01][04]1D[11][00]![04][01][04]1[00][01][00]A[00]A[04][01][00][01][00][00][00][10][00][01][04]Q[04][00][00][01][04]a[04]A[04]A[04]A[04][00]D[11][00][01][04]A[04][00][00][01][00][00][00][00][00][00][00][00][00][00][00][00][00][00][00][00][00][00][00][00][03][00][03][00]C[00]C[00]C[00]C[00]G[00][03][00][01][00][00][00][04]3[CC][F3][CC][F3][CC][F3][CC][F3][CC][F3][C4]s[84]s[00]1[00][01][04]s[0C][F3][CC][F3][84][F1][04]qDQ[00]q[00]q[00][01][00]1[80][0C][C7][CE][C7][CC][C7][CC]D[0C]@[04]D[0C]@[1C][00][04][00][04][C7][CC][CF][CC][CF][CC][CF][CC][CF][CC][C7][CC][C7][CC][C7][CC]C[1C]A[0C][00][01][04]Q[04]A[84]s[CC][F3][CC][F1][C4]@[00][00][00][00][00][00][00][00][00][00][00][00][00][00][00][00][00][00][00][00][00][00][00][00][00][00][00][00][00][00][00][00][00][00][00][00][00][00][00][00][00][00][00][00][00][00][00][00][00][00][00][00][00][00][00][00][00][00][00][00][00][00][00][00][00][00][00][00][00][00][00][00][00][00][00][00][00][00][00][00][00][00][00][00][00][00][00][00][00][00][03][00][00][00][00][00][00][00][02][00][00][00][00][00][00][00][00][00][00][00][00][00][00][00][01][00][00][00][00][00][00][00][00][00][00][00][CC][F3][CC][F3][CC][F1][CC][F3]L[F3]M[F3][CC][F3][CC][F3][CC][F3][CC][F1]

--------------------------------------------------------------------------------
ALL UNIQUE BYTE STATS
--------------------------------------------------------------------------------

  0x21    !:    7 #######
  0x2C    ,:    1 #
  0x31    1:   19 ###################
  0x33    3:    2 ##
  0x40    @:   24 ########################
  0x41    A:   29 #############################
  0x42    B:    1 #
  0x43    C:   29 #############################
  0x44    D:   28 ############################
  0x47    G:   16 ################
  0x4C    L:    4 ####
  0x4D    M:    1 #
  0x50    P:    1 #
  0x51    Q:    9 #########
  0x55    U:    1 #
  0x5C    \:    3 ###
  0x61    a:    3 ###
  0x70    p:    1 #
  0x71    q:   44 ########################################
  0x73    s:   30 ##############################
