================================================================================
METHOD 11: Content Tape (blue)
================================================================================

Only blue content pixels as binary tape.
8-track row-major: 5 rows × 8 bits = 5 bytes per block.

Total frames: 2000
Printable ASCII: 171 (8.6%)
Alpha letters: 96 (4.8%)
Unique byte values: 21


--------------------------------------------------------------------------------
RAW FRAMES (hex)
--------------------------------------------------------------------------------

0000: 00 00 00 00 00 00 00 00 00 00 00 00 00 00 00 04   ................
0010: 04 00 00 00 00 00 00 00 00 00 00 00 00 00 00 00   ................
0020: 00 00 00 00 04 00 00 00 00 00 00 00 00 08 00 00   ................
0030: 00 00 00 00 00 00 00 00 00 00 00 00 00 40 00 00   .............@..
0040: 00 00 00 00 00 00 00 00 00 00 00 08 04 00 00 00   ................
0050: 00 00 00 00 00 00 00 00 00 00 00 00 00 00 00 00   ................
0060: 00 00 00 00 00 00 00 00 00 00 00 00 00 00 00 00   ................
0070: 00 00 00 00 00 00 00 00 00 00 00 00 04 00 00 00   ................
0080: 00 00 00 00 02 00 00 00 00 00 00 20 00 41 00 00   ........... .A..
0090: 04 00 00 00 00 00 00 00 00 00 00 00 00 00 00 00   ................
00A0: 00 00 01 00 00 00 00 00 00 00 00 00 43 00 00 00   ............C...
00B0: 00 00 00 00 00 00 00 00 00 00 00 00 00 00 00 00   ................
00C0: 00 00 00 00 00 00 00 00 00 00 00 00 00 04 00 00   ................
00D0: 00 00 00 40 00 00 00 00 08 00 00 00 40 00 00 00   ...@........@...
00E0: 00 00 00 00 00 00 00 01 00 00 00 00 00 00 00 00   ................
00F0: 00 03 00 00 00 00 00 00 00 00 00 00 00 00 00 00   ................
0100: 08 00 10 00 40 00 00 00 00 04 08 00 01 00 00 00   ....@...........
0110: 00 00 00 00 00 00 00 00 00 00 00 00 00 00 04 00   ................
0120: 00 00 00 00 00 00 00 00 00 00 00 00 00 00 00 00   ................
0130: 00 00 00 00 00 01 00 00 00 00 00 00 00 00 00 30   ...............0
0140: 00 00 00 00 04 00 00 00 01 70 00 00 00 04 00 00   .........p......
0150: 00 00 00 02 00 00 00 00 00 00 00 00 01 80 00 00   ................
0160: 00 00 00 00 00 00 10 41 00 00 00 00 00 00 00 00   .......A........
0170: 00 01 00 00 00 00 00 00 00 00 00 00 00 00 00 00   ................
0180: 00 00 00 00 00 00 00 00 00 00 00 00 00 00 00 00   ................
0190: 00 00 00 00 00 00 04 00 00 00 00 00 00 00 00 00   ................
01A0: 00 00 01 00 00 00 00 00 00 00 04 00 00 00 00 00   ................
01B0: 00 04 00 00 00 00 00 00 00 00 00 04 00 00 04 00   ................
01C0: 01 41 00 00 00 00 00 00 00 10 00 40 00 07 00 04   .A.........@....
01D0: 04 00 00 00 01 41 00 01 04 00 04 00 00 00 00 00   .....A..........
01E0: 00 40 00 00 00 00 00 00 00 00 00 00 00 00 00 00   .@..............
01F0: 00 00 00 00 00 00 00 04 00 00 00 00 00 00 00 00   ................
0200: 00 04 00 00 00 00 30 70 00 00 00 04 00 00 00 00   ......0p........
0210: 30 20 00 00 03 00 00 00 00 00 01 00 00 00 03 04   0 ..............
0220: 00 00 00 00 31 70 04 00 03 40 44 41 00 00 01 60   ....1p...@DA...`
0230: 04 00 03 04 04 01 00 00 21 70 04 00 03 00 00 00   ........!p......
0240: 00 00 01 21 00 00 00 04 00 00 00 00 00 01 00 00   ...!............
0250: 00 00 00 00 00 00 00 00 00 00 00 00 00 04 00 00   ................
0260: 00 00 00 40 00 00 00 00 08 00 00 00 40 41 00 00   ...@........@A..
0270: 00 00 08 00 01 41 00 41 00 00 00 08 00 00 00 00   .....A.A........
0280: 40 43 00 00 00 00 00 00 00 00 82 06 00 00 00 C0   @C..............
0290: 80 00 00 00 00 47 00 00 00 08 00 00 00 00 00 00   .....G..........
02A0: 00 00 00 00 00 00 00 00 00 00 00 00 00 00 08 00   ................
02B0: 00 00 00 00 00 00 00 00 04 00 00 00 00 00 02 00   ................
02C0: 00 00 00 00 00 00 00 02 40 00 00 00 00 00 00 30   ........@......0
02D0: 00 04 84 00 04 00 00 00 00 70 00 40 84 00 00 00   .........p.@....
02E0: 00 00 00 82 00 00 00 00 00 00 00 00 00 80 00 43   ...............C
02F0: 04 40 08 00 00 00 01 80 00 00 00 00 00 00 00 00   .@..............
0300: 10 00 00 80 00 00 08 00 00 00 10 80 00 40 04 00   .............@..
0310: 00 00 00 00 00 10 00 00 43 00 00 00 00 00 00 20   ........C...... 
0320: 00 00 00 00 00 00 00 00 00 01 00 00 00 00 00 04   ................
0330: 04 00 30 00 00 00 04 80 00 00 04 00 40 00 44 00   ..0.........@.D.
0340: 80 48 04 08 04 01 00 00 40 00 00 00 00 00 04 41   .H......@......A
0350: 80 20 44 00 00 80 00 00 04 00 00 00 40 00 00 00   . D.........@...
0360: 00 08 00 00 00 00 40 00 00 00 00 08 00 00 02 00   ......@.........
0370: 00 00 00 00 00 04 00 00 00 00 00 00 00 04 00 04   ................
0380: 00 00 30 00 04 07 00 04 C0 40 00 00 00 80 C8 84   ..0......@......
0390: 40 04 88 82 00 00 30 80 C8 80 00 04 C0 80 00 00   @.....0.........
03A0: 30 80 40 80 02 04 04 00 00 00 01 42 00 00 00 00   0.@........B....
03B0: 04 00 00 00 00 70 00 80 00 00 40 00 00 00 10 61   .....p....@....a
03C0: 00 80 00 00 00 00 00 00 00 71 40 03 00 00 00 00   .........q@.....
03D0: 00 00 00 01 80 43 00 00 00 00 00 00 00 01 04 40   .....C.........@
03E0: 00 00 00 40 00 00 00 00 00 00 00 00 00 04 00 00   ...@............
03F0: 00 00 00 00 00 08 00 00 04 00 00 10 00 00 00 80   ................
0400: 00 00 04 00 02 00 00 00 04 08 00 00 04 00 00 80   ................
0410: 00 00 00 00 00 00 00 31 00 00 00 41 08 08 00 00   .......1...A....
0420: 00 62 02 A2 00 81 48 80 80 00 00 62 02 80 00 C6   .b....H....b....
0430: 48 C0 00 00 00 70 42 00 00 07 C0 04 00 00 00 70   H....pB........p
0440: 00 41 00 43 04 00 00 00 08 00 00 01 00 00 00 00   .A.C............
0450: 00 02 00 00 00 00 88 00 00 00 00 70 00 00 00 00   ...........p....
0460: 00 00 00 00 00 00 00 00 00 00 00 00 00 00 00 82   ................
0470: 00 00 00 00 80 00 01 00 00 30 00 00 00 00 00 00   .........0......
0480: 00 00 00 A0 00 00 00 00 00 00 00 00 00 60 00 00   .............`..
0490: 00 00 00 00 00 00 00 40 00 00 00 00 04 00 00 00   .......@........
04A0: 00 00 00 00 00 00 00 00 00 00 00 00 00 00 00 00   ................
04B0: 00 00 00 00 00 00 04 00 00 00 00 00 00 04 04 00   ................
04C0: 04 00 00 41 00 00 00 00 04 00 00 00 01 41 00 00   ...A.........A..
04D0: 00 00 00 00 00 00 00 50 00 01 04 04 04 00 00 01   .......P........
04E0: 71 81 00 00 00 04 44 00 08 11 01 41 00 40 00 00   q.....D....A.@..
04F0: 04 00 08 00 01 40 00 02 00 00 00 04 00 00 00 00   .....@..........
0500: 00 04 00 00 00 00 80 00 00 00 00 02 00 00 00 08   ................
0510: 00 00 01 00 00 00 03 00 00 00 00 00 00 01 00 01   ................
0520: 02 00 00 00 00 00 00 20 00 02 40 00 00 00 00 00   ....... ..@.....
0530: 00 00 00 43 04 04 08 00 00 00 10 80 04 43 84 00   ...C.........C..
0540: 80 40 00 00 00 80 00 43 84 40 08 10 00 00 00 A0   .@.....C.@......
0550: 00 42 80 00 C0 00 00 00 70 80 00 00 04 00 C0 00   .B......p.......
0560: 00 00 20 80 00 00 40 C0 C8 00 00 00 42 80 00 00   .. ...@.....B...
0570: 40 C0 80 00 00 00 00 60 00 00 80 80 00 04 00 40   @......`.......@
0580: 02 00 00 00 00 08 00 08 00 00 72 01 41 03 00 00   ..........r.A...
0590: 00 C8 08 01 40 01 07 41 04 C8 00 C0 40 50 42 00   ....@..A....@PB.
05A0: 87 00 04 C8 00 C0 08 00 C2 00 87 00 44 08 00 C8   ............D...
05B0: 00 10 62 00 C7 00 04 C0 00 C0 08 00 40 20 85 00   ..b.........@ ..
05C0: 04 00 00 88 04 01 80 00 44 00 00 00 00 08 04 00   ........D.......
05D0: 00 00 04 00 00 00 00 00 00 00 10 00 00 00 00 00   ................
05E0: 00 01 00 00 01 01 00 44 04 00 04 72 00 00 01 71   .......D...r...q
05F0: C0 00 84 00 00 30 00 00 01 70 00 84 02 00 00 82   .....0...p......
0600: 00 00 01 71 C8 80 03 04 04 90 00 00 01 70 80 80   ...q.........p..
0610: 03 44 44 00 00 00 10 62 08 00 02 00 04 80 00 00   .DD....b........
0620: 00 73 00 00 01 00 04 00 00 00 00 71 00 00 03 00   .s.........q....
0630: 00 00 00 00 00 71 00 00 00 00 00 00 00 00 00 00   .....q..........
0640: 00 00 00 00 00 00 04 00 00 41 00 00 00 00 00 00   .........A......
0650: 04 00 00 41 00 00 00 00 04 00 00 00 00 01 00 00   ...A............
0660: 00 04 00 00 00 00 00 01 00 00 00 04 00 00 00 00   ................
0670: 30 00 00 00 00 44 00 00 00 00 01 00 00 80 C8 00   0....D..........
0680: 00 00 00 70 20 01 00 80 C4 00 04 00 00 70 00 51   ...p ........p.Q
0690: 00 04 C8 04 04 00 00 71 31 00 00 44 00 00 00 00   .......q1..D....
06A0: 00 00 00 01 04 00 03 04 00 61 00 00 32 02 04 00   .........a..2...
06B0: 00 C8 00 41 00 00 80 00 04 00 40 C8 40 41 00 00   ...A......@.@A..
06C0: 82 02 04 00 40 C8 00 41 00 00 82 80 04 00 40 C8   ....@..A......@.
06D0: 04 00 00 00 82 40 44 00 00 88 44 01 00 00 E2 40   .....@D...D....@
06E0: 00 00 44 C4 00 01 00 00 72 50 04 00 03 84 00 41   ..D.....rP.....A
06F0: 00 00 73 70 04 00 01 00 00 00 00 00 31 00 00 00   ..sp........1...
0700: 00 00 00 01 00 00 00 00 80 44 00 00 00 00 00 00   .........D......
0710: 00 00 82 08 00 00 00 C0 00 00 00 00 00 08 00 00   ................
0720: 00 00 00 00 00 00 03 08 00 00 00 C0 00 00 00 00   ................
0730: 04 08 00 00 00 08 00 00 00 00 40 80 00 00 00 00   ..........@.....
0740: 40 00 00 00 44 80 00 00 00 08 C0 00 00 00 40 84   @...D.........@.
0750: 00 00 00 08 C0 00 00 00 00 43 00 00 00 00 00 00   .........C......
0760: 00 00 00 41 00 00 00 00 00 00 00 00 00 00 00 00   ...A............
0770: 08 00 00 00 00 00 00 00 00 00 00 00 00 00 00 00   ................
0780: 00 00 03 00 08 00 00 00 00 80 00 00 00 00 C8 00   ................
0790: 00 00 00 82 00 00 00 00 48 00 00 00 00 82 00 00   ........H.......
07A0: 00 00 08 00 00 00 00 A0 00 00 02 00 C8 00 00 00   ................
07B0: 00 02 00 00 00 00 C8 00 00 00 00 82 00 00 00 00   ................
07C0: C8 00 00 00 00 00 00 00 00 00 C8 00 00 00 00 80   ................

--------------------------------------------------------------------------------
DECODED TEXT
--------------------------------------------------------------------------------

[00][00][00][00][00][00][00][00][00][00][00][00][00][00][00][04][04][00][00][00][00][00][00][00][00][00][00][00][00][00][00][00][00][00][00][00][04][00][00][00][00][00][00][00][00][08][00][00][00][00][00][00][00][00][00][00][00][00][00][00][00]@[00][00][00][00][00][00][00][00][00][00][00][00][00][08][04][00][00][00][00][00][00][00][00][00][00][00][00][00][00][00][00][00][00][00][00][00][00][00][00][00][00][00][00][00][00][00][00][00][00][00][00][00][00][00][00][00][00][00][00][00][00][00][04][00][00][00][00][00][00][00][02][00][00][00][00][00][00] [00]A[00][00][04][00][00][00][00][00][00][00][00][00][00][00][00][00][00][00][00][00][01][00][00][00][00][00][00][00][00][00]C[00][00][00][00][00][00][00][00][00][00][00][00][00][00][00][00][00][00][00][00][00][00][00][00][00][00][00][00][00][00][00][00][04][00][00][00][00][00]@[00][00][00][00][08][00][00][00]@[00][00][00][00][00][00][00][00][00][00][01][00][00][00][00][00][00][00][00][00][03][00][00][00][00][00][00][00][00][00][00][00][00][00][00][08][00][10][00]@[00][00][00][00][04][08][00][01][00][00][00][00][00][00][00][00][00][00][00][00][00][00][00][00][00][04][00][00][00][00][00][00][00][00][00][00][00][00][00][00][00][00][00][00][00][00][00][00][01][00][00][00][00][00][00][00][00][00]0[00][00][00][00][04][00][00][00][01]p[00][00][00][04][00][00][00][00][00][02][00][00][00][00][00][00][00][00][01][80][00][00][00][00][00][00][00][00][10]A[00][00][00][00][00][00][00][00][00][01][00][00][00][00][00][00][00][00][00][00][00][00][00][00][00][00][00][00][00][00][00][00][00][00][00][00][00][00][00][00][00][00][00][00][00][00][04][00][00][00][00][00][00][00][00][00][00][00][01][00][00][00][00][00][00][00][04][00][00][00][00][00][00][04][00][00][00][00][00][00][00][00][00][04][00][00][04][00][01]A[00][00][00][00][00][00][00][10][00]@[00][07][00][04][04][00][00][00][01]A[00][01][04][00][04][00][00][00][00][00][00]@[00][00][00][00][00][00][00][00][00][00][00][00][00][00][00][00][00][00][00][00][00][04][00][00][00][00][00][00][00][00][00][04][00][00][00][00]0p[00][00][00][04][00][00][00][00]0 [00][00][03][00][00][00][00][00][01][00][00][00][03][04][00][00][00][00]1p[04][00][03]@DA[00][00][01]`[04][00][03][04][04][01][00][00]!p[04][00][03][00][00][00][00][00][01]![00][00][00][04][00][00][00][00][00][01][00][00][00][00][00][00][00][00][00][00][00][00][00][00][00][04][00][00][00][00][00]@[00][00][00][00][08][00][00][00]@A[00][00][00][00][08][00][01]A[00]A[00][00][00][08][00][00][00][00]@C[00][00][00][00][00][00][00][00][82][06][00][00][00][C0][80][00][00][00][00]G[00][00][00][08][00][00][00][00][00][00][00][00][00][00][00][00][00][00][00][00][00][00][00][00][08][00][00][00][00][00][00][00][00][00][04][00][00][00][00][00][02][00][00][00][00][00][00][00][00][02]@[00][00][00][00][00][00]0[00][04][84][00][04][00][00][00][00]p[00]@[84][00][00][00][00][00][00][82][00][00][00][00][00][00][00][00][00][80][00]C[04]@[08][00][00][00][01][80][00][00][00][00][00][00][00][00][10][00][00][80][00][00][08][00][00][00][10][80][00]@[04][00][00][00][00][00][00][10][00][00]C[00][00][00][00][00][00] [00][00][00][00][00][00][00][00][00][01][00][00][00][00][00][04][04][00]0[00][00][00][04][80][00][00][04][00]@[00]D[00][80]H[04][08][04][01][00][00]@[00][00][00][00][00][04]A[80] D[00][00][80][00][00][04][00][00][00]@[00][00][00][00][08][00][00][00][00]@[00][00][00][00][08][00][00][02][00][00][00][00][00][00][04][00][00][00][00][00][00][00][04][00][04][00][00]0[00][04][07][00][04][C0]@[00][00][00][80][C8][84]@[04][88][82][00][00]0[80][C8][80][00][04][C0][80][00][00]0[80]@[80][02][04][04][00][00][00][01]B[00][00][00][00][04][00][00][00][00]p[00][80][00][00]@[00][00][00][10]a[00][80][00][00][00][00][00][00][00]q@[03][00][00][00][00][00][00][00][01][80]C[00][00][00][00][00][00][00][01][04]@[00][00][00]@[00][00][00][00][00][00][00][00][00][04][00][00][00][00][00][00][00][08][00][00][04][00][00][10][00][00][00][80][00][00][04][00][02][00][00][00][04][08][00][00][04][00][00][80][00][00][00][00][00][00][00]1[00][00][00]A[08][08][00][00][00]b[02][A2][00][81]H[80][80][00][00]b[02][80][00][C6]H[C0][00][00][00]pB[00][00][07][C0][04][00][00][00]p[00]A[00]C[04][00][00][00][08][00][00][01][00][00][00][00][00][02][00][00][00][00][88][00][00][00][00]p[00][00][00][00][00][00][00][00][00][00][00][00][00][00][00][00][00][00][00][82][00][00][00][00][80][00][01][00][00]0[00][00][00][00][00][00][00][00][00][A0][00][00][00][00][00][00][00][00][00]`[00][00][00][00][00][00][00][00][00]@[00][00][00][00][04][00][00][00][00][00][00][00][00][00][00][00][00][00][00][00][00][00][00][00][00][00][00][00][00][00][04][00][00][00][00][00][00][04][04][00][04][00][00]A[00][00][00][00][04][00][00][00][01]A[00][00][00][00][00][00][00][00][00]P[00][01][04][04][04][00][00][01]q[81][00][00][00][04]D[00][08][11][01]A[00]@[00][00][04][00][08][00][01]@[00][02][00][00][00][04][00][00][00][00][00][04][00][00][00][00][80][00][00][00][00][02][00][00][00][08][00][00][01][00][00][00][03][00][00][00][00][00][00][01][00][01][02][00][00][00][00][00][00] [00][02]@[00][00][00][00][00][00][00][00]C[04][04][08][00][00][00][10][80][04]C[84][00][80]@[00][00][00][80][00]C[84]@[08][10][00][00][00][A0][00]B[80][00][C0][00][00][00]p[80][00][00][04][00][C0][00][00][00] [80][00][00]@[C0][C8][00][00][00]B[80][00][00]@[C0][80][00][00][00][00]`[00][00][80][80][00][04][00]@[02][00][00][00][00][08][00][08][00][00]r[01]A[03][00][00][00][C8][08][01]@[01][07]A[04][C8][00][C0]@PB[00][87][00][04][C8][00][C0][08][00][C2][00][87][00]D[08][00][C8][00][10]b[00][C7][00][04][C0][00][C0][08][00]@ [85][00][04][00][00][88][04][01][80][00]D[00][00][00][00][08][04][00][00][00][04][00][00][00][00][00][00][00][10][00][00][00][00][00][00][01][00][00][01][01][00]D[04][00][04]r[00][00][01]q[C0][00][84][00][00]0[00][00][01]p[00][84][02][00][00][82][00][00][01]q[C8][80][03][04][04][90][00][00][01]p[80][80][03]DD[00][00][00][10]b[08][00][02][00][04][80][00][00][00]s[00][00][01][00][04][00][00][00][00]q[00][00][03][00][00][00][00][00][00]q[00][00][00][00][00][00][00][00][00][00][00][00][00][00][00][00][04][00][00]A[00][00][00][00][00][00][04][00][00]A[00][00][00][00][04][00][00][00][00][01][00][00][00][04][00][00][00][00][00][01][00][00][00][04][00][00][00][00]0[00][00][00][00]D[00][00][00][00][01][00][00][80][C8][00][00][00][00]p [01][00][80][C4][00][04][00][00]p[00]Q[00][04][C8][04][04][00][00]q1[00][00]D[00][00][00][00][00][00][00][01][04][00][03][04][00]a[00][00]2[02][04][00][00][C8][00]A[00][00][80][00][04][00]@[C8]@A[00][00][82][02][04][00]@[C8][00]A[00][00][82][80][04][00]@[C8][04][00][00][00][82]@D[00][00][88]D[01][00][00][E2]@[00][00]D[C4][00][01][00][00]rP[04][00][03][84][00]A[00][00]sp[04][00][01][00][00][00][00][00]1[00][00][00][00][00][00][01][00][00][00][00][80]D[00][00][00][00][00][00][00][00][82][08][00][00][00][C0][00][00][00][00][00][08][00][00][00][00][00][00][00][00][03][08][00][00][00][C0][00][00][00][00][04][08][00][00][00][08][00][00][00][00]@[80][00][00][00][00]@[00][00][00]D[80][00][00][00][08][C0][00][00][00]@[84][00][00][00][08][C0][00][00][00][00]C[00][00][00][00][00][00][00][00][00]A[00][00][00][00][00][00][00][00][00][00][00][00][08][00][00][00][00][00][00][00][00][00][00][00][00][00][00][00][00][00][03][00][08][00][00][00][00][80][00][00][00][00][C8][00][00][00][00][82][00][00][00][00]H[00][00][00][00][82][00][00][00][00][08][00][00][00][00][A0][00][00][02][00][C8][00][00][00][00][02][00][00][00][00][C8][00][00][00][00][82][00][00][00][00][C8][00][00][00][00][00][00][00][00][00][C8][00][00][00][00][80]

--------------------------------------------------------------------------------
ALL UNIQUE BYTE STATS
--------------------------------------------------------------------------------

  0x20     :    8 ########
  0x21    !:    2 ##
  0x30    0:   11 ###########
  0x31    1:    4 ####
  0x32    2:    1 #
  0x40    @:   46 ########################################
  0x41    A:   23 #######################
  0x42    B:    5 #####
  0x43    C:   10 ##########
  0x44    D:   16 ################
  0x47    G:    1 #
  0x48    H:    4 ####
  0x50    P:    3 ###
  0x51    Q:    1 #
  0x60    `:    3 ###
  0x61    a:    2 ##
  0x62    b:    4 ####
  0x70    p:   15 ###############
  0x71    q:    7 #######
  0x72    r:    3 ###
  0x73    s:    2 ##
