Column-major ITA2: block-col order, row4_msb
Source: content
Total: 800 five-bit values

RAW 5-bit values:
00 00 00 00 00 00 00 00 00 00 00 00 00 00 01 10 00 00 10 08 
00 00 01 10 00 00 00 08 00 00 01 00 10 00 1C 08 14 10 10 14 
00 00 04 08 04 00 01 06 00 00 00 08 00 00 01 10 02 00 02 08 
02 02 01 16 02 00 16 08 16 16 01 16 11 00 11 01 11 10 01 12 
00 00 00 08 00 00 01 10 01 00 00 00 00 10 01 10 00 00 10 08 
10 10 01 12 09 00 00 08 00 10 01 10 1C 00 1C 08 14 16 01 16 
04 00 06 00 04 06 01 06 00 00 06 08 04 10 01 14 08 00 1E 08 
16 16 01 16 12 00 16 08 14 10 01 16 11 00 13 01 13 12 01 13 
00 00 10 08 00 00 01 10 01 00 10 00 10 10 01 10 00 00 10 08 
00 10 01 10 09 00 18 09 14 10 01 16 1E 00 1E 08 16 16 01 16 
02 00 06 00 06 06 01 06 08 00 04 08 14 10 01 16 0D 00 0E 09 
17 16 01 16 18 00 16 08 14 10 01 16 11 00 13 09 13 10 01 12 
00 00 00 08 00 10 01 10 00 00 10 01 10 10 01 10 00 00 02 08 
00 00 01 10 09 00 18 09 10 10 01 10 0F 00 1F 08 16 16 01 16 
02 00 06 00 06 06 01 06 08 00 18 08 14 14 01 16 0B 00 0F 09 
17 16 01 16 18 00 16 08 14 10 01 16 13 00 13 01 13 12 01 12 
08 00 10 08 10 10 01 10 00 00 10 01 10 10 01 10 01 00 13 08 
14 10 01 16 09 00 10 09 10 10 01 10 0F 00 1E 08 16 16 01 16 
06 04 06 08 06 07 01 06 18 00 1E 09 16 16 01 16 0F 00 1F 09 
17 16 01 16 18 00 16 08 10 12 01 12 13 00 13 11 13 12 01 12 
18 00 10 08 10 10 01 10 11 00 10 00 10 12 01 10 10 00 14 08 
14 16 01 16 19 10 19 09 11 10 01 18 1F 00 0F 0C 16 16 07 1E 
07 02 06 01 06 07 01 06 1E 10 1E 08 14 16 01 16 1F 00 1F 09 
17 16 01 16 1E 00 16 08 10 16 01 16 13 00 13 11 13 12 01 12 
09 00 01 08 00 00 01 10 01 00 00 00 00 00 01 12 00 00 17 09 
14 10 01 16 09 00 19 09 10 10 01 10 0F 00 0F 08 16 16 01 16 
07 00 07 01 06 06 01 06 19 00 1E 08 14 10 01 12 0F 00 1F 09 
17 17 01 16 1B 00 1B 09 12 12 01 16 13 00 13 09 13 10 01 10 
09 00 00 08 00 00 01 00 00 00 00 00 00 00 00 00 00 00 06 09 
00 10 01 10 08 00 18 08 10 10 01 10 0F 02 06 08 06 06 01 16 
03 02 07 01 06 06 01 16 18 00 1A 09 12 10 01 12 0F 00 1F 09 
17 16 01 1E 13 00 16 08 16 16 01 16 11 00 11 01 11 11 01 10 
00 00 00 00 00 00 01 00 00 00 00 00 00 00 01 00 01 00 10 08 
00 00 01 10 08 00 18 08 10 10 01 10 0C 00 06 08 04 06 01 16 
03 00 07 01 06 03 01 16 19 00 13 09 11 10 01 12 0F 00 0F 08 
16 16 01 16 03 00 07 09 02 12 01 12 11 00 10 01 10 11 01 10 
00 00 00 00 00 00 00 00 00 00 00 00 00 00 00 00 00 00 00 00 
00 00 01 10 08 00 00 08 00 10 01 10 08 00 06 00 04 02 01 16 
01 00 02 01 00 00 01 14 19 00 12 09 10 10 01 12 0C 00 0F 0C 
04 06 01 16 01 00 03 01 00 10 01 16 11 00 10 01 10 10 01 10 


BAUDOT TEXT:
              TE  E  TE     T E USEES     TN     TE
 


TF
 FFFTFZ ZTZETD     TET    ETE  EEETDL   ETEU USFTF  N  NTN  N ETS KFFTFD FSETFZ BTBDTB  E  TET E EETE  E ETEL ALSETFK KFFTF
 N NNTN  SETFP CLXFTFA FSETFZ BLBETD    ETE  ETEETE  
  TEL ALEETEV {LTRS}FFTF
 N NNTN ASSTFG VLXFTFA FSETFB BTBDTD EEETE  ETEETET BSETFL ELEETEV KFFTFN NNMTNA KLFFTFV {LTRS}LXFTFA FEDTDB BZBDTDA EEETEZ E EDTEE SSFTFWEWLZETA{LTRS} VIFFMKM
NTNMTNKEKSFTF{LTRS} {LTRS}LXFTFK FEFTFB BZBDTDL T  TET     TD  XLSETFL WLEETEV VFFTFM MTNNTNW KSETDV {LTRS}LXXTF{FIGS} {FIGS}-44'62 2-25'5-    '           ,- 5'5 155'5!
,,,'6?
.',,'61 0-45'4! {LTRS}LXFTKB FFFTFZ ZTZZTE      T       T T E  TE AEETEI N NTFO MTNOTFW BLZETDV VFFTFO ML
DTDZ ETEZTE                      TE   ETE N  
TFT 
T  TSW DLEETDI VI NTFT OT ETFZ ETEETE

Hex dump of first 200 values:
000000000000000000000000000001100000100800000110000000080000010010001C08141010140000040804000106000000080000011002000208020201160200160816160116110011011110011200000008000001100100000000100110000010081010011209000008001001101C001C08141601160400060004060106000006080410011408001E08161601161200160814100116110013011312011300001008000001100100100010100110000010080010011009001809141001161E001E0816160116

ITA2 chars of first 200:
              TE  E  TE     T E USEES     TN     TE
 


TF
 FFFTFZ ZTZETD     TET    ETE  EEETDL   ETEU USFTF  N  NTN  N ETS KFFTFD FSETFZ BTBDTB  E  TET E EETE  E ETEL ALSETFK KFFTF