7-bit ASCII: skip sprocket column 1
Source: background
Data columns: [0, 2, 3, 4, 5, 6, 7]
Total: 500 frames

TEXT:
[05][12][12][0F][12][05][12][12][0F][12][05][12][12][0F][12][05][12][12][0F][12][05][12][12][0F][12][05][12][12][0F][12][05][12][12][0F][12][05][12][12][0F][12][05][12][12][0F][12][05][12][12][0F][12][05][12][12][0F][12][05][12][12][0F][12][05][12][12][0F][12][05][12][12][0F][12][05][12][12][0F][12][05][12][12][0F][12]
[05][12][12][0F][12][11][13][12][13][16][05][12][12][0F][12][05][12][12][0F][12][05][12][12][0F][12][05][12][12][0F][12][05][12][12][0F][12][05][12][12][0F][12][05][12][12][0F][12][05][12][12][0F][12][05][12][12][0F][12][05][12][12][0F][12][05][12][12][0F][12][05][12][12][0F][12][05][12][12][0F][12][05][12][12][0F][12]
[05][12][12][0F][12][05][12][12][0F][12][05][12][12][0F][12][05][12][12][0F][12][05][12][12][0F][12][05][12][12][0F][12][05][12][12][0F][12][05][12][12][0F][12][05][12][12][0F][12][05][12][12][0F][12][05][12][12][0F][12][05][12][12][0F][12][05][12][12][0F][12][05][12][12][0F][12][05][12][12][0F][12][05][12][12][0F][12]
[05][12][12][0F][12][05][12][12][0F][12][05][12][12][0F][12][05][12][12][0F][12][05][12][12][0F][12][05][12][12][0F][12][05][12][12][0F][12][05][12][12][0F][12][05][12][12][0F][12][05][12][12][0F][12][05][12][12][0F][12][05][12][12][0F][12][05][12][12][0F][12][05][12][12][0F][12][05][12][12][0F][12][05][12][12][0F][12]
[05][12][12][0F][12][05][12][12][0F][12][05][12][12][0F][12][05][12][12][0F][12][05][12][12][0F][12][05][12][12][0F][12][05][12][12][0F][12][05][12][12][0F][12][05][12][12][0F][12][05][12][12][0F][12][05][12][12][0F][12][05][12][12][0F][12][05][12][12][0F][12][05][12][12][0F][12][05][12][12][0F][12][05][12][12][0F][12]
[05][12][12][0F][12][05][12][12][0F][12][05][12][12][0F][12][05][12][12][0F][12][05][12][12][0F][12][05][12][12][0F][12][05][12][12][0F][12][05][12][12][0F][12][05][12][12][0F][12][05][12][12][0F][12][05][12][12][0F][12][05][12][12][0F][12][05][12][12][0F][12][05][12][12][0F][12][05][12][12][0F][12][05][12][12][0F][12]
[05][12][12][0F][12][05][12][12][0F][12][05][12][12][0F][12][05][12][12][0F][12]

HEX:
0000: 05 12 12 0F 12 05 12 12 0F 12 05 12 12 0F 12 05   ................
0010: 12 12 0F 12 05 12 12 0F 12 05 12 12 0F 12 05 12   ................
0020: 12 0F 12 05 12 12 0F 12 05 12 12 0F 12 05 12 12   ................
0030: 0F 12 05 12 12 0F 12 05 12 12 0F 12 05 12 12 0F   ................
0040: 12 05 12 12 0F 12 05 12 12 0F 12 05 12 12 0F 12   ................
0050: 05 12 12 0F 12 11 13 12 13 16 05 12 12 0F 12 05   ................
0060: 12 12 0F 12 05 12 12 0F 12 05 12 12 0F 12 05 12   ................
0070: 12 0F 12 05 12 12 0F 12 05 12 12 0F 12 05 12 12   ................
0080: 0F 12 05 12 12 0F 12 05 12 12 0F 12 05 12 12 0F   ................
0090: 12 05 12 12 0F 12 05 12 12 0F 12 05 12 12 0F 12   ................
00A0: 05 12 12 0F 12 05 12 12 0F 12 05 12 12 0F 12 05   ................
00B0: 12 12 0F 12 05 12 12 0F 12 05 12 12 0F 12 05 12   ................
00C0: 12 0F 12 05 12 12 0F 12 05 12 12 0F 12 05 12 12   ................
00D0: 0F 12 05 12 12 0F 12 05 12 12 0F 12 05 12 12 0F   ................
00E0: 12 05 12 12 0F 12 05 12 12 0F 12 05 12 12 0F 12   ................
00F0: 05 12 12 0F 12 05 12 12 0F 12 05 12 12 0F 12 05   ................
0100: 12 12 0F 12 05 12 12 0F 12 05 12 12 0F 12 05 12   ................
0110: 12 0F 12 05 12 12 0F 12 05 12 12 0F 12 05 12 12   ................
0120: 0F 12 05 12 12 0F 12 05 12 12 0F 12 05 12 12 0F   ................
0130: 12 05 12 12 0F 12 05 12 12 0F 12 05 12 12 0F 12   ................
0140: 05 12 12 0F 12 05 12 12 0F 12 05 12 12 0F 12 05   ................
0150: 12 12 0F 12 05 12 12 0F 12 05 12 12 0F 12 05 12   ................
0160: 12 0F 12 05 12 12 0F 12 05 12 12 0F 12 05 12 12   ................
0170: 0F 12 05 12 12 0F 12 05 12 12 0F 12 05 12 12 0F   ................
0180: 12 05 12 12 0F 12 05 12 12 0F 12 05 12 12 0F 12   ................
0190: 05 12 12 0F 12 05 12 12 0F 12 05 12 12 0F 12 05   ................
01A0: 12 12 0F 12 05 12 12 0F 12 05 12 12 0F 12 05 12   ................
01B0: 12 0F 12 05 12 12 0F 12 05 12 12 0F 12 05 12 12   ................
01C0: 0F 12 05 12 12 0F 12 05 12 12 0F 12 05 12 12 0F   ................
01D0: 12 05 12 12 0F 12 05 12 12 0F 12 05 12 12 0F 12   ................
01E0: 05 12 12 0F 12 05 12 12 0F 12 05 12 12 0F 12 05   ................
01F0: 12 12 0F 12                                       ....
