METHOD 5: Baudot Column-Frame Tape (content_all)
================================================================================

Each column of 5 rows = 5-bit Baudot frame.
8 columns × 5 rows = 8 frames per block.
Total frames: 3200

--- BAUDOT DECODE ---
                             A               A               A              EA              EA   A   A      EA   E          EA               E                                                 T     TII       T          T    T I   T I TTT   T H   T   TTO  TT               T                                                            A             A   A           A             A            AA   E         
A   E          A 
                                                              T          TT   T     T   TTT   O     O   TTT  TT     T  TTTT  TO T   T   T O   T               T                                                                             
             A       
       A   E   D   T  EA O         T M  O     V T   O     H                                        
         O     
   TOO   O     
    O
   O               O     
   TOO   O O   Z   ZTB   B     B   TOT   B     E    T    O     
         T               T            A             A   A      T  A O          AA   A        AA  EA   AAAAE  AA   A   A    AA                                                               I    II  TT   T I   PII TTT   O I   H  TTTT  TT     T  TTTT  TO V TTMIITTTO  TM I   PII TTO  TTII  TPIITTTO   T I   H   TTT   T          TT   O               T          

 A 

    N   


 A MND  
X   O

EA
M
D  
M  
MO
EA
M
X  
X   O
M Q
O
D  
X   OOOEE
O
E 

N   


EE
O     N    

 E 
     
    

 E 
TT   [FIGS]99'"'' ''2?_  "[FIGS]99""22  "2?/  5[FIGS]99""22   211  5[FIGS]995"""  "211  5?5"""  5"1?  5115""2  5?11  515"""  5"51   5 555   "5   5 555   "    5   5     "             5 ?    
?    
? 1
?
   
?   ??? 
?

  
.  '??? ???
' 
?   ?.!
. !  ,. '.!...!9   !'...,.33   ! ...
. 9   3 8,3 ?          '     5 5    555   55   555   5     5   555   5     5  5555  555    5   555   5 5   5  5555   5     5   55    5     5   5     "     5         '               '                    ?   '    '     '   '    ?         ' ' ?     . '??? . 8   .   ' . .    8   '   
          1      9   1           11 
               '       9  '    '      99 '''   ' 9  '.99'''?  '?89   699'"??  '? ! ''.99'''2  ??80   .9 '???  '?'8   .  ''?'  '??.  '?  '???  ???,   ?   '''   ?,    ,   ,

1

    

   


11
? 5   
154

11 .
0  
6515[LTRS]
NAA
ODD  
XEEDB

AA
OEX  
XEEEB
MEA
ODD   XEEEBOBAA
ODD  
X EDOOOEA
M
D  
X   OOOEA O     D   T

 E O               B I   QII ZZZ  EBUU   UII ZZZ   BI   AIIEZZZ  EBAA  E[FIGS]995"""   21[FIGS]  5[FIGS]995""2  ""11  5?95"""  ""11  5?95"""  5?11  51995"""  5"11  5115555   "
    
   ?

 
?

  

   '    ?     ?        ?     
        ?     
    

  
 
   
     ? ,99   9  ,  .99   .   8 8 . 9   !  ,, ,    9     .     2   "2?  ?2

  ?2  ?2??  ?2?.  ?2  ?2??  ?2?,  
2  ?2??  
2
,  
2  
???  
?
/  
2  
?
2  
2
,   ,   ???  
2
    4   2??  
2     5    

   ?          ''   21     11  11  _111_  115 11  _111_  11  _1  _111_  11  9_  9_99  11  9_   999  1  9_   _9  11  1    511          1            1  ''  ''  ''''  ''''  ''  ''''  ''''  ''  ''''   '''  ''  ''''  '' '  '' 
''''  '' '  '' '''''  ''''  ''  ''''  ''''  ''  ''''  ''''  ''  ''''  ''''  ''  ''''   '

--- RAW 5-bit hex ---
00 00 00 00 00 00 00 00 00 00 00 00 00 00 00 00 00 00 00 00 
00 00 00 00 00 00 00 00 00 18 00 00 00 00 00 00 00 00 00 00 
00 00 00 00 00 18 00 00 00 00 00 00 00 00 00 00 00 00 00 00 
00 18 00 00 00 00 00 00 00 00 00 00 00 00 00 00 10 18 00 00 
00 00 00 00 00 00 00 00 00 00 00 00 10 18 00 00 00 18 00 00 
00 18 00 00 00 00 00 00 10 18 00 00 00 10 00 00 00 00 00 00 
00 00 00 00 10 18 00 00 00 00 00 00 00 00 00 00 00 00 00 00 
00 10 00 00 00 00 00 00 00 00 00 00 00 00 00 00 00 00 00 00 
00 00 00 00 00 00 00 00 00 00 00 00 00 00 00 00 00 00 00 00 
00 00 04 04 00 00 00 00 00 00 00 01 00 00 00 00 00 01 0C 0C 
00 00 00 00 00 00 00 01 00 00 00 00 00 00 04 04 00 00 01 00 
00 00 00 01 00 0C 00 00 00 01 04 0C 00 01 01 01 00 00 00 01 
00 05 00 00 00 01 04 04 00 01 01 03 00 00 01 01 00 04 00 00 
00 00 04 04 00 00 00 00 00 00 00 01 00 04 00 00 00 00 04 04 
00 00 00 00 00 00 00 00 00 00 00 00 00 00 00 00 00 00 00 00 
00 00 00 00 00 00 00 00 00 00 00 00 00 00 00 00 00 00 00 00 
00 00 00 00 00 00 00 00 00 00 00 00 08 18 00 00 00 08 00 00 
00 00 00 00 00 00 00 00 08 18 00 00 00 18 00 00 00 00 00 00 
00 00 00 00 00 18 00 00 00 00 00 00 00 00 00 08 00 00 00 00 
08 18 00 00 00 00 00 00 00 00 08 08 00 00 00 00 18 18 00 00 
00 10 00 00 00 00 00 00 00 00 00 02 08 18 00 00 00 10 00 00 
00 00 00 00 00 00 00 00 08 18 00 02 00 00 00 00 00 00 00 00 
00 00 00 00 00 00 00 00 00 00 00 00 00 00 00 00 00 00 00 00 
00 08 00 00 00 00 00 00 00 00 00 00 00 00 00 00 00 00 00 00 
00 00 00 00 00 00 00 00 00 00 00 00 00 00 00 01 00 00 00 00 
00 00 00 00 00 00 01 01 00 00 00 01 00 00 00 00 00 01 00 00 
00 01 01 01 00 00 00 03 00 00 00 00 00 03 00 00 00 01 01 01 
00 00 01 01 00 00 00 00 00 01 00 00 01 01 01 01 00 00 01 03 
00 01 00 00 00 01 00 00 00 01 00 03 00 00 00 01 00 00 00 00 
00 00 00 00 00 00 00 00 00 00 00 01 00 00 00 00 00 00 00 00 
00 00 00 00 00 00 00 00 00 00 00 00 00 00 00 00 00 00 00 00 
00 00 00 00 00 00 00 00 00 00 00 00 00 00 00 00 00 00 00 00 
00 00 00 00 00 00 00 00 00 00 00 00 00 08 00 00 00 00 00 00 
00 00 00 00 00 00 00 00 00 08 00 02 00 00 00 00 00 00 00 00 
00 00 00 00 00 18 00 00 00 00 00 00 00 02 00 00 00 00 00 00 
00 18 00 00 00 10 00 00 00 12 00 00 00 01 00 00 10 18 00 03 
00 00 00 00 00 00 00 00 00 01 00 07 00 08 00 03 00 00 00 00 
00 0F 08 08 00 01 00 00 08 08 00 03 00 00 00 00 00 05 00 08 
00 00 00 00 08 08 00 00 00 08 00 00 00 00 00 00 00 00 00 00 
08 08 00 00 00 00 00 00 00 00 00 00 00 00 00 00 00 08 00 00 
00 00 00 00 00 02 04 04 00 00 00 00 00 00 00 03 00 00 00 00 
00 02 04 04 00 01 03 03 00 00 00 03 00 00 00 00 00 02 04 04 
00 00 03 02 00 00 00 03 00 00 00 00 00 00 04 04 00 00 00 00 
00 00 00 03 00 00 00 00 00 02 04 04 00 01 03 03 00 00 00 03 
00 03 00 00 00 11 04 04 00 11 01 13 00 00 00 13 00 00 00 00 
00 13 04 04 00 01 03 01 00 00 00 13 00 00 00 00 00 10 04 04 
00 00 01 00 00 00 00 03 00 00 00 00 00 02 04 04 00 00 00 00 
00 00 00 01 00 00 00 00 00 00 00 00 00 00 00 00 00 00 00 01 
00 00 00 00 00 00 00 00 00 00 00 00 08 18 00 00 00 08 00 00 
00 00 00 00 00 00 00 00 08 18 00 00 00 18 00 00 00 00 00 08 
00 01 00 00 08 18 00 03 00 08 00 00 00 00 00 08 00 00 00 00 
18 18 00 00 00 18 00 00 00 00 08 08 00 00 00 00 18 18 00 00 
10 18 00 00 00 18 18 18 18 10 00 00 18 18 00 00 00 18 00 00 
00 18 08 08 00 00 00 00 18 18 00 00 00 00 00 00 00 00 00 00 
00 00 00 00 00 08 00 00 00 00 00 00 00 00 00 00 00 00 00 00 
08 08 00 00 00 00 00 00 00 00 00 00 00 00 00 00 00 08 00 00 
00 00 00 00 00 00 04 04 00 00 00 00 00 00 00 00 00 0C 00 00 
00 00 0C 0C 00 00 01 01 00 00 00 01 04 0C 00 00 00 0D 0C 0C 
00 01 01 01 00 00 00 03 04 0C 00 00 00 05 04 04 01 01 01 01 
00 00 01 01 00 04 00 00 00 01 04 04 01 01 01 01 00 00 01 03 
00 0F 00 01 01 07 0C 0C 01 01 01 03 00 00 01 07 04 0C 00 00 
00 0D 0C 0C 00 01 01 03 00 00 01 01 0C 0C 00 00 01 0D 0C 0C 
01 01 01 03 00 00 00 01 00 0C 00 00 00 05 04 04 00 01 01 01 
00 00 00 01 00 04 00 00 00 00 04 04 00 00 01 01 00 00 00 03 
00 00 00 00 00 00 00 00 00 00 00 00 00 00 00 01 00 00 00 00 
00 00 00 00 00 00 02 02 00 18 00 02 02 00 00 00 00 06 00 00 
00 02 02 02 00 18 00 07 06 12 00 00 02 17 00 00 00 03 02 02 
10 18 02 07 02 12 00 00 02 07 00 00 02 07 03 02 10 18 02 07 
02 17 00 00 02 17 00 00 00 03 02 07 00 1D 02 03 02 12 00 00 
02 17 00 00 00 03 03 03 10 10 02 03 02 10 00 02 02 06 00 00 
00 02 02 02 10 10 02 03 00 00 00 00 00 06 00 00 00 00 02 02 
00 10 00 02 00 00 00 00 00 02 00 00 00 00 02 02 00 10 00 02 
01 01 00 00 00 1B 0C 0C 01 11 01 01 00 01 01 13 19 1C 00 00 
11 1B 0C 0C 11 11 13 13 00 00 11 13 19 1D 00 00 10 1B 0C 0C 
11 11 13 13 00 00 00 13 18 18 00 00 10 1B 0C 0C 10 11 11 11 
00 00 11 13 18 18 00 00 10 19 08 08 10 11 11 11 00 00 10 11 
18 19 00 00 10 18 08 18 10 11 11 13 00 00 10 19 18 18 00 00 
10 18 08 08 10 11 11 11 00 00 10 11 10 18 00 00 00 10 08 08 
00 10 10 10 00 00 00 11 10 08 00 00 00 10 08 08 00 10 10 10 
00 00 00 11 00 08 00 00 00 10 00 00 00 10 00 00 00 00 00 11 
00 00 00 00 00 00 00 00 00 00 00 00 00 10 00 03 00 00 00 00 
02 03 00 00 00 00 02 03 00 18 02 03 02 00 00 00 02 03 00 00 
00 03 03 03 00 08 02 03 02 02 00 00 02 07 00 00 01 03 03 03 
00 08 03 03 03 02 01 00 02 03 00 00 00 03 07 0F 08 08 02 07 
00 0F 00 04 06 07 00 08 01 07 0F 07 08 08 07 07 0F 0C 00 00 
04 0F 08 08 01 07 07 07 08 08 06 07 0E 0E 00 04 04 0F 08 08 
00 07 07 07 08 08 02 07 04 0C 00 00 00 0E 08 08 00 05 06 0E 
08 08 00 03 00 08 00 00 00 04 08 08 00 00 00 00 08 08 00 01 
00 00 00 00 00 10 08 08 00 10 00 00 00 00 10 10 10 00 00 00 
10 10 00 00 00 10 10 10 00 00 00 10 00 00 00 00 00 10 00 00 
00 10 10 10 00 00 00 10 00 00 00 00 00 10 00 00 10 10 10 10 
00 00 10 10 10 00 00 00 00 10 00 04 00 10 10 10 00 00 00 10 
00 10 00 00 00 10 00 00 10 10 10 10 00 00 00 10 00 00 00 00 
00 10 00 00 00 10 10 00 00 00 00 10 00 00 00 00 00 10 00 00 
00 10 00 00 00 00 00 11 00 00 00 00 00 10 00 00 00 00 00 00 
00 00 00 01 00 00 00 00 00 00 00 00 00 00 00 00 00 00 00 01 
00 00 00 00 00 00 00 00 00 00 00 00 00 08 00 00 00 00 00 00 
00 03 00 00 00 01 00 00 00 08 00 01 00 00 00 00 00 01 00 00 
00 01 00 00 00 08 00 03 00 00 00 00 00 00 00 00 00 01 00 01 
08 08 00 03 00 00 00 00 00 07 00 08 01 03 03 03 08 08 00 07 
00 05 00 00 00 07 00 00 00 01 00 07 08 08 00 07 00 08 00 00 
00 05 00 00 00 01 00 00 08 08 00 02 00 00 00 00 00 04 08 08 
00 04 00 00 08 18 00 04 00 08 00 00 00 0C 08 08 08 00 00 00 
08 18 00 04 00 08 00 00 00 04 08 08 00 00 00 00 18 18 00 02 
00 00 00 00 00 00 04 04 00 00 00 00 00 00 00 01 00 00 00 00 
00 00 04 0C 00 00 01 00 00 00 00 01 00 04 00 00 00 00 0C 0C 
00 01 01 01 00 00 00 01 00 0C 00 00 01 07 0C 0C 01 01 01 03 
00 00 01 03 05 0C 00 00 00 15 0C 0C 01 11 03 03 00 00 01 03 
04 0F 00 01 01 07 0C 0C 01 01 01 13 00 00 03 03 05 0D 00 00 
00 07 0C 04 01 03 03 03 00 00 01 03 01 05 00 00 00 07 04 04 
01 01 03 01 00 00 01 03 03 07 00 00 01 03 04 04 01 03 03 03 
00 00 03 03 03 06 00 00 00 03 04 04 00 01 01 01 00 00 00 03 
06 00 00 00 00 06 00 00 00 06 02 02 08 18 02 02 00 00 00 00 
02 02 00 00 00 02 02 02 18 18 02 03 00 10 00 00 00 02 08 18 
10 12 02 02 18 18 00 07 02 1A 00 00 02 16 10 18 10 1F 02 06 
18 18 02 03 12 12 00 00 02 17 10 10 12 13 02 02 18 18 02 03 
10 17 00 00 02 17 10 10 10 13 02 07 10 18 02 03 12 12 00 00 
00 17 10 10 10 13 03 13 18 18 02 03 12 12 00 00 02 17 00 10 
12 03 03 03 10 18 02 07 02 12 00 00 02 17 00 00 00 03 03 03 
10 18 00 03 00 00 00 00 00 12 00 00 00 01 02 02 00 10 00 03 
00 00 00 00 00 00 04 04 00 00 00 00 00 00 00 13 00 0C 00 00 
00 1D 0C 0C 00 11 11 11 00 00 10 13 1C 1C 00 00 00 1C 0C 0C 
00 11 11 11 00 00 00 13 08 0C 00 00 00 18 0C 0C 10 11 11 11 
00 00 10 13 18 18 00 00 10 1B 0C 0C 10 11 11 11 00 00 00 13 
18 1B 00 00 10 1B 0C 0C 10 11 11 13 00 00 11 11 18 18 00 00 
10 19 0C 08 10 11 11 11 00 00 11 11 18 18 00 00 10 19 08 0C 
10 11 11 11 00 00 10 19 18 18 00 00 10 18 0C 0C 10 11 11 11 
00 00 10 11 18 18 00 00 10 18 08 18 10 10 10 10 00 00 00 11 
02 00 00 00 00 02 00 00 00 03 02 02 00 08 02 03 02 02 00 00 
02 02 00 00 00 01 00 00 00 08 00 03 00 00 00 00 00 03 00 00 
00 00 00 00 00 08 00 03 00 00 00 00 00 02 00 00 00 00 00 00 
00 08 00 03 00 00 00 00 00 02 00 00 00 00 02 02 00 08 00 02 
00 02 00 00 00 02 00 00 00 00 00 03 08 08 00 06 0C 0C 00 00 
04 0C 08 08 00 04 06 04 08 08 00 07 0C 0C 00 00 00 07 00 00 
00 05 04 05 08 08 00 07 04 0C 00 00 04 0F 08 08 00 04 06 06 
08 08 00 06 00 08 00 00 00 0C 08 08 00 00 00 00 08 08 00 07 
00 00 00 00 00 13 04 04 00 11 13 03 00 00 03 13 02 02 00 00 
03 13 04 04 03 13 03 03 00 00 03 13 03 07 00 00 03 13 04 04 
03 13 03 03 00 00 03 13 03 06 00 00 02 13 04 04 03 13 03 03 
00 00 02 13 02 06 00 00 02 13 04 04 02 03 03 03 00 00 02 03 
02 17 00 00 02 13 04 04 02 03 02 13 00 00 02 13 02 06 00 00 
00 06 04 04 00 03 03 03 00 00 02 13 02 00 00 00 00 12 04 04 
00 13 03 03 00 00 02 13 00 00 00 00 00 10 00 04 00 00 02 02 
00 00 00 03 00 00 00 00 00 00 00 00 00 00 01 01 00 00 00 13 
18 08 00 00 00 08 08 08 08 08 00 00 18 18 00 04 18 18 00 00 
08 1C 18 18 18 1C 00 04 18 18 10 04 18 18 00 00 08 1C 18 18 
18 1C 00 00 18 18 00 04 1C 18 00 00 08 1C 18 18 18 1C 04 04 
18 18 04 04 0C 1C 00 00 0C 1C 08 08 0C 0C 04 04 18 18 04 04 
0C 1C 00 00 04 0C 08 08 0C 0C 04 04 08 18 00 04 0C 1C 00 00 
00 1C 08 08 08 0C 00 00 18 18 00 00 08 18 00 00 00 08 08 08 
08 08 00 10 18 18 00 00 00 08 00 00 00 00 08 08 00 00 00 08 
08 18 00 00 00 08 00 00 00 00 00 08 00 00 00 00 08 18 00 00 
01 01 00 00 01 01 00 00 01 01 01 01 00 00 01 01 01 01 00 00 
01 01 00 00 01 01 01 01 00 00 01 01 01 01 00 00 01 01 04 04 
01 01 01 01 00 00 00 01 01 01 00 00 01 01 00 00 01 01 01 01 
00 00 01 01 00 01 00 00 01 01 00 02 01 01 01 01 00 00 01 01 
00 01 00 00 01 01 00 01 01 01 01 01 00 00 01 01 01 01 00 00 
01 01 04 00 01 01 01 01 00 00 01 01 01 01 00 00 01 01 00 00 
01 01 01 01 00 00 01 01 01 01 00 00 01 01 00 00 01 01 01 01 
00 00 01 01 01 01 00 00 01 01 00 00 01 01 01 01 00 00 00 01 
