METHOD 4: 5-Track Baudot (cols_even, content_all)
================================================================================

Columns used as tracks: cols_even = [0, 2, 4, 6]
Each row = 1 Baudot/ITA2 frame (5 bits)
Total frames: 2000

--- RAW FRAMES (hex) ---
00 00 00 00 00 00 00 00 00 00 00 00 00 00 00 00 00 00 00 00 
00 00 00 00 00 00 00 00 00 00 00 00 00 00 00 00 00 00 00 00 
00 00 00 00 00 02 00 00 00 00 00 00 00 00 00 02 00 00 00 00 
00 00 00 00 00 02 00 00 00 00 00 00 00 00 00 02 00 00 00 00 
00 00 00 00 00 00 00 00 00 00 00 00 00 00 00 00 00 00 00 00 
00 00 00 00 00 00 00 00 00 00 00 00 01 00 00 00 00 00 00 00 
00 01 01 00 00 00 00 00 00 00 00 00 01 00 00 00 00 00 00 04 
00 00 01 00 00 00 00 00 00 04 00 00 01 00 00 00 00 00 00 05 
00 00 01 00 00 00 00 00 00 00 00 00 01 00 00 00 00 00 00 00 
00 00 00 00 00 00 00 00 00 00 00 00 00 00 00 00 00 00 00 00 
00 00 00 00 00 00 02 00 00 00 00 00 00 00 00 00 02 00 00 00 
00 00 00 00 00 00 00 00 00 00 00 00 00 00 00 00 02 00 00 00 
00 01 00 00 00 02 02 00 00 00 00 00 00 00 00 00 02 00 00 00 
00 00 00 00 00 00 02 00 00 00 00 00 00 00 00 00 00 00 00 00 
00 00 00 00 00 00 00 00 00 00 00 00 00 00 00 00 00 00 00 00 
00 00 00 00 00 00 00 00 00 00 00 00 00 00 00 00 00 00 00 04 
00 00 00 00 00 00 00 00 00 04 00 00 00 00 00 00 00 00 00 05 
00 00 00 00 00 00 00 00 00 0D 00 00 00 00 00 00 00 00 00 00 
00 00 00 00 00 00 00 00 00 00 00 00 00 00 00 00 00 00 00 00 
00 00 00 00 00 00 00 00 00 00 00 00 00 00 00 00 00 00 00 00 
00 00 00 00 00 00 00 00 00 00 00 00 00 00 00 00 00 00 00 00 
00 00 00 00 00 00 00 00 00 00 00 00 00 00 00 00 00 00 00 00 
00 00 00 00 00 02 00 00 00 00 00 00 00 00 00 00 00 00 00 00 
00 01 00 00 00 00 02 00 00 00 00 00 00 00 00 00 02 00 00 00 
00 00 00 00 00 00 02 00 00 00 00 00 00 00 00 00 00 00 00 00 
00 00 01 00 00 00 00 00 00 00 00 00 01 00 00 00 00 00 04 04 
00 00 01 00 00 00 00 00 04 04 00 00 01 00 00 00 00 00 00 00 
00 00 01 00 00 00 00 00 04 04 00 00 01 00 00 00 00 00 00 04 
00 00 01 00 00 00 00 00 04 04 00 00 01 00 00 00 00 00 00 04 
00 00 01 00 00 00 00 00 00 00 00 00 00 00 00 00 00 00 00 00 
00 00 00 00 00 00 02 00 00 00 00 00 00 00 00 00 02 00 00 00 
00 00 00 00 00 00 02 00 00 00 00 00 00 00 00 02 02 00 00 00 
00 01 00 00 00 02 02 00 00 00 09 01 00 00 00 0A 0A 00 00 00 
00 01 00 00 00 02 02 00 00 00 00 00 00 00 00 00 00 00 00 00 
00 00 00 00 00 00 02 00 00 00 00 00 00 00 00 00 00 00 00 00 
00 00 01 00 00 00 00 00 00 00 00 01 01 00 00 00 00 00 00 04 
00 01 09 00 00 00 00 00 00 04 00 00 09 00 00 00 00 00 00 0D 
00 00 01 00 00 00 00 00 00 0D 00 01 01 00 02 00 00 00 00 0D 
00 01 09 00 00 00 00 00 00 05 00 09 09 00 02 00 00 00 00 0C 
00 00 01 00 00 00 00 00 00 04 00 00 01 00 00 00 00 00 00 04 
00 00 00 00 00 00 00 00 00 00 00 00 00 00 00 00 00 00 04 00 
00 00 00 08 00 00 00 00 04 00 00 00 08 0A 00 02 00 00 05 00 
00 00 00 0A 00 02 00 00 0D 04 00 00 00 0A 00 00 00 00 05 00 
00 00 00 0A 00 02 00 00 05 04 00 00 00 0A 00 02 00 00 05 00 
00 00 00 00 00 00 00 00 04 00 00 00 00 00 00 00 00 00 04 00 
00 01 01 00 08 00 00 00 00 0D 0A 09 01 00 0A 0D 00 00 04 0D 
0A 09 01 00 08 0C 00 00 04 0C 0A 09 01 00 00 0D 00 00 00 05 
0A 09 00 00 00 0D 00 00 00 04 0A 09 00 00 00 0D 00 00 00 04 
0A 09 00 00 00 0D 00 00 00 04 08 01 00 00 00 04 00 00 00 00 
08 01 00 00 00 04 00 00 00 00 00 00 00 00 00 00 00 00 00 00 
00 00 00 00 00 00 00 00 00 00 00 00 00 02 00 00 00 00 05 00 
00 00 00 0A 00 00 00 00 05 04 00 00 00 0A 00 00 00 00 05 0D 
00 00 00 0A 0C 00 02 04 05 04 00 00 02 02 00 00 06 05 05 0D 
00 09 0A 08 08 00 02 05 05 0C 00 09 0A 08 00 00 02 04 05 04 
00 01 08 00 00 00 02 04 04 00 00 01 00 00 00 00 02 00 00 00 
00 01 00 00 00 01 00 00 00 00 0A 00 00 00 00 04 00 00 00 00 
00 00 00 00 00 04 00 00 00 00 00 00 00 00 00 0D 00 00 00 00 
08 00 00 00 00 04 00 00 00 00 00 00 00 00 00 0C 00 00 00 00 
00 00 00 00 00 04 00 00 00 00 00 00 00 00 00 00 00 00 00 00 
00 00 00 00 00 00 00 00 00 00 00 00 00 00 00 00 00 00 00 00 
00 00 00 00 00 00 00 00 00 00 00 00 00 00 00 00 00 00 00 00 
00 00 00 00 00 00 00 00 00 00 00 00 00 00 00 00 02 00 00 00 
00 00 00 00 00 00 02 00 04 0C 00 00 00 00 00 00 02 00 00 00 
00 00 00 00 00 00 02 00 00 00 00 01 00 00 00 00 02 00 00 00 
00 01 00 00 00 00 0A 00 00 00 00 01 00 00 00 02 02 00 00 00 
00 00 01 00 00 00 00 00 00 00 00 00 01 00 00 00 00 00 00 04 
00 01 01 00 00 00 00 00 00 04 00 01 01 00 02 00 00 00 00 0D 
00 01 09 00 08 00 00 00 04 0D 00 01 09 00 02 00 00 00 01 0D 
00 01 09 00 08 00 00 00 04 0D 00 00 01 00 08 00 00 00 04 0D 
00 00 01 08 0A 00 00 00 05 0D 00 00 01 08 08 00 00 00 00 04 
00 00 08 08 00 00 02 00 05 00 00 00 00 02 00 02 02 00 05 00 
00 01 00 00 00 0A 02 00 04 00 01 00 00 0A 00 0A 02 00 05 00 
09 00 00 0A 00 0A 02 00 0D 00 09 00 00 02 00 0A 00 00 05 00 
09 00 00 08 00 0A 02 00 05 04 08 00 00 0A 00 0A 00 00 0D 04 
00 00 00 0A 00 02 00 00 04 04 00 00 00 00 00 00 00 00 04 00 
00 00 01 00 00 00 00 00 00 00 00 01 01 00 00 05 00 00 00 04 
08 09 09 00 00 04 00 00 00 04 00 09 01 00 00 0D 00 00 00 04 
0A 09 01 00 00 0C 00 00 00 04 0A 09 01 00 00 0D 00 00 00 05 
0A 09 01 00 00 0D 00 00 00 05 0A 09 00 00 00 0D 00 00 00 04 
0A 09 01 00 00 0D 00 00 00 04 0A 09 00 00 00 0C 00 00 00 00 
00 00 00 08 00 00 00 00 05 00 00 00 00 0A 00 00 00 00 00 00 
00 00 00 00 00 00 00 00 00 00 00 00 00 00 00 00 00 00 00 00 
00 00 00 00 00 00 00 00 04 00 00 00 00 00 00 00 02 00 00 00 
00 09 0A 00 00 00 02 04 04 00 00 08 08 00 00 00 02 04 00 00 
00 01 0A 00 00 00 02 04 04 00 00 01 00 00 00 00 02 00 00 00 
00 00 01 00 00 04 00 00 05 05 00 00 01 0A 02 00 00 00 0D 0D 
00 00 01 0A 0A 00 00 00 0D 0D 00 00 01 0A 08 00 00 00 0D 0C 
00 00 01 0A 00 00 00 00 0D 04 00 00 01 0A 00 00 00 00 0D 00 
00 00 01 08 00 00 00 00 05 04 00 00 01 08 00 00 00 00 05 04 
00 00 00 00 00 00 00 00 04 00 00 00 00 00 00 00 00 00 00 04 
08 09 00 00 00 02 0A 00 00 00 09 0B 00 00 00 0B 0A 00 00 00 
09 0B 00 00 00 0A 0A 00 00 00 09 0B 08 00 00 0A 0A 05 00 00 
00 0B 0A 00 00 02 0A 0D 00 00 00 09 0A 00 00 00 0A 0C 00 00 
00 09 08 00 00 02 0A 00 00 00 00 09 00 00 00 02 0A 00 00 00 
00 01 00 00 00 00 02 00 00 00 00 00 00 00 00 00 02 00 00 00 
00 00 00 00 0A 00 00 00 00 0D 00 00 00 00 0A 00 00 00 00 0D 
00 00 01 00 0A 00 00 00 00 0C 00 00 00 00 0A 00 00 00 00 0D 
00 00 00 00 02 00 00 00 00 0D 00 00 00 00 02 00 00 00 00 0D 
00 00 01 00 0A 00 00 00 00 0D 00 00 00 00 0A 00 00 00 00 0D 
00 00 00 00 0A 00 00 00 00 0D 00 00 00 00 0A 00 00 00 00 0C 

--- BAUDOT DECODE ---

                                             
         
         
         
                                    T        TT         T         T         T      H  T         T                                 
         
                   
    T   

         
         
                                                                        H         P                                                                                               
               T    
         
         
               T         T         T         T         T         T         T         T         T                       
         
         
        

    T   

   LT   RR    T   

                   
               T        TT        TL         L      P  T      P TT 
    P TL      H LL 
    I  T         T                                      R 
  H    R 
  P    R    H    R 
  H    R 
  H                      TT     PRLT RP   PRLT I   IRLT  P   HRL   P    RL   P    RL   P    T        T                               
    H    R    H    R    HP   RI 
 H   

  NHHP LR 
HHI LR  
 H  T   
    T    
    T   T    R                        P                  I                                                                                
         
  I      
         
    T    
    T    R    T   

     T         T        TT        TT 
    P TL     P TL 
   TP TL     P  T     P  TR   HP  T         
 H    
 

 H  T   R
   T  R R
 H L  R R
 P L  
 R  H L   R
 H   R R  P    R 
                T        TT  H    LL        LT  P    RLT  I    RLT  P   HRLT  P   HRL   P    RLT  P    RL   I           H    R                                          
    LR   
       
    TR   
    T    
     T     HH  TR
   PP  TRR   PP  TR   PI  TR    P   TR    P   T    H   T    H                     L   
R   LG   GR   LG   RR   LG  RRH   GR  
RP   LR   RI   L  
R    L   
R    T    
         
       R    P    R    P  T R    I    R    P    
    P    
    P  T R    P    R    P    R    P    R    I

--- 5-bit raw values as ASCII ---
[00] [00] [00] [00] [00] [00] [00] [00] [00] [00] [00] [00] [00] [00] [00] [00] [00] [00] [00] [00] [00] [00] [00] [00] [00] [00] [00] [00] [00] [00] [00] [00] [00] [00] [00] [00] [00] [00] [00] [00] 
[00] [00] [00] [00] [00] [02] [00] [00] [00] [00] [00] [00] [00] [00] [00] [02] [00] [00] [00] [00] [00] [00] [00] [00] [00] [02] [00] [00] [00] [00] [00] [00] [00] [00] [00] [02] [00] [00] [00] [00] 
[00] [00] [00] [00] [00] [00] [00] [00] [00] [00] [00] [00] [00] [00] [00] [00] [00] [00] [00] [00] [00] [00] [00] [00] [00] [00] [00] [00] [00] [00] [00] [00] [01] [00] [00] [00] [00] [00] [00] [00] 
[00] [01] [01] [00] [00] [00] [00] [00] [00] [00] [00] [00] [01] [00] [00] [00] [00] [00] [00] [04] [00] [00] [01] [00] [00] [00] [00] [00] [00] [04] [00] [00] [01] [00] [00] [00] [00] [00] [00] [05] 
[00] [00] [01] [00] [00] [00] [00] [00] [00] [00] [00] [00] [01] [00] [00] [00] [00] [00] [00] [00] [00] [00] [00] [00] [00] [00] [00] [00] [00] [00] [00] [00] [00] [00] [00] [00] [00] [00] [00] [00] 
[00] [00] [00] [00] [00] [00] [02] [00] [00] [00] [00] [00] [00] [00] [00] [00] [02] [00] [00] [00] [00] [00] [00] [00] [00] [00] [00] [00] [00] [00] [00] [00] [00] [00] [00] [00] [02] [00] [00] [00] 
[00] [01] [00] [00] [00] [02] [02] [00] [00] [00] [00] [00] [00] [00] [00] [00] [02] [00] [00] [00] [00] [00] [00] [00] [00] [00] [02] [00] [00] [00] [00] [00] [00] [00] [00] [00] [00] [00] [00] [00] 
[00] [00] [00] [00] [00] [00] [00] [00] [00] [00] [00] [00] [00] [00] [00] [00] [00] [00] [00] [00] [00] [00] [00] [00] [00] [00] [00] [00] [00] [00] [00] [00] [00] [00] [00] [00] [00] [00] [00] [04] 
[00] [00] [00] [00] [00] [00] [00] [00] [00] [04] [00] [00] [00] [00] [00] [00] [00] [00] [00] [05] [00] [00] [00] [00] [00] [00] [00] [00] [00] [0D] [00] [00] [00] [00] [00] [00] [00] [00] [00] [00] 
[00] [00] [00] [00] [00] [00] [00] [00] [00] [00] [00] [00] [00] [00] [00] [00] [00] [00] [00] [00] [00] [00] [00] [00] [00] [00] [00] [00] [00] [00] [00] [00] [00] [00] [00] [00] [00] [00] [00] [00] 
[00] [00] [00] [00] [00] [00] [00] [00] [00] [00] [00] [00] [00] [00] [00] [00] [00] [00] [00] [00] [00] [00] [00] [00] [00] [00] [00] [00] [00] [00] [00] [00] [00] [00] [00] [00] [00] [00] [00] [00] 
[00] [00] [00] [00] [00] [02] [00] [00] [00] [00] [00] [00] [00] [00] [00] [00] [00] [00] [00] [00] [00] [01] [00] [00] [00] [00] [02] [00] [00] [00] [00] [00] [00] [00] [00] [00] [02] [00] [00] [00] 
[00] [00] [00] [00] [00] [00] [02] [00] [00] [00] [00] [00] [00] [00] [00] [00] [00] [00] [00] [00] [00] [00] [01] [00] [00] [00] [00] [00] [00] [00] [00] [00] [01] [00] [00] [00] [00] [00] [04] [04] 
[00] [00] [01] [00] [00] [00] [00] [00] [04] [04] [00] [00] [01] [00] [00] [00] [00] [00] [00] [00] [00] [00] [01] [00] [00] [00] [00] [00] [04] [04] [00] [00] [01] [00] [00] [00] [00] [00] [00] [04] 
[00] [00] [01] [00] [00] [00] [00] [00] [04] [04] [00] [00] [01] [00] [00] [00] [00] [00] [00] [04] [00] [00] [01] [00] [00] [00] [00] [00] [00] [00] [00] [00] [00] [00] [00] [00] [00] [00] [00] [00] 
[00] [00] [00] [00] [00] [00] [02] [00] [00] [00] [00] [00] [00] [00] [00] [00] [02] [00] [00] [00] [00] [00] [00] [00] [00] [00] [02] [00] [00] [00] [00] [00] [00] [00] [00] [02] [02] [00] [00] [00] 
[00] [01] [00] [00] [00] [02] [02] [00] [00] [00] [09] [01] [00] [00] [00] [0A] [0A] [00] [00] [00] [00] [01] [00] [00] [00] [02] [02] [00] [00] [00] [00] [00] [00] [00] [00] [00] [00] [00] [00] [00] 
[00] [00] [00] [00] [00] [00] [02] [00] [00] [00] [00] [00] [00] [00] [00] [00] [00] [00] [00] [00] [00] [00] [01] [00] [00] [00] [00] [00] [00] [00] [00] [01] [01] [00] [00] [00] [00] [00] [00] [04] 
[00] [01] [09] [00] [00] [00] [00] [00] [00] [04] [00] [00] [09] [00] [00] [00] [00] [00] [00] [0D] [00] [00] [01] [00] [00] [00] [00] [00] [00] [0D] [00] [01] [01] [00] [02] [00] [00] [00] [00] [0D] 
[00] [01] [09] [00] [00] [00] [00] [00] [00] [05] [00] [09] [09] [00] [02] [00] [00] [00] [00] [0C] [00] [00] [01] [00] [00] [00] [00] [00] [00] [04] [00] [00] [01] [00] [00] [00] [00] [00] [00] [04] 
[00] [00] [00] [00] [00] [00] [00] [00] [00] [00] [00] [00] [00] [00] [00] [00] [00] [00] [04] [00] [00] [00] [00] [08] [00] [00] [00] [00] [04] [00] [00] [00] [08] [0A] [00] [02] [00] [00] [05] [00] 
[00] [00] [00] [0A] [00] [02] [00] [00] [0D] [04] [00] [00] [00] [0A] [00] [00] [00] [00] [05] [00] [00] [00] [00] [0A] [00] [02] [00] [00] [05] [04] [00] [00] [00] [0A] [00] [02] [00] [00] [05] [00] 
[00] [00] [00] [00] [00] [00] [00] [00] [04] [00] [00] [00] [00] [00] [00] [00] [00] [00] [04] [00] [00] [01] [01] [00] [08] [00] [00] [00] [00] [0D] [0A] [09] [01] [00] [0A] [0D] [00] [00] [04] [0D] 
[0A] [09] [01] [00] [08] [0C] [00] [00] [04] [0C] [0A] [09] [01] [00] [00] [0D] [00] [00] [00] [05] [0A] [09] [00] [00] [00] [0D] [00] [00] [00] [04] [0A] [09] [00] [00] [00] [0D] [00] [00] [00] [04] 
[0A] [09] [00] [00] [00] [0D] [00] [00] [00] [04] [08] [01] [00] [00] [00] [04] [00] [00] [00] [00] [08] [01] [00] [00] [00] [04] [00] [00] [00] [00] [00] [00] [00] [00] [00] [00] [00] [00] [00] [00] 
[00] [00] [00] [00] [00] [00] [00] [00] [00] [00] [00] [00] [00] [02] [00] [00] [00] [00] [05] [00] [00] [00] [00] [0A] [00] [00] [00] [00] [05] [04] [00] [00] [00] [0A] [00] [00] [00] [00] [05] [0D] 
[00] [00] [00] [0A] [0C] [00] [02] [04] [05] [04] [00] [00] [02] [02] [00] [00] [06] [05] [05] [0D] [00] [09] [0A] [08] [08] [00] [02] [05] [05] [0C] [00] [09] [0A] [08] [00] [00] [02] [04] [05] [04] 
[00] [01] [08] [00] [00] [00] [02] [04] [04] [00] [00] [01] [00] [00] [00] [00] [02] [00] [00] [00] [00] [01] [00] [00] [00] [01] [00] [00] [00] [00] [0A] [00] [00] [00] [00] [04] [00] [00] [00] [00] 
[00] [00] [00] [00] [00] [04] [00] [00] [00] [00] [00] [00] [00] [00] [00] [0D] [00] [00] [00] [00] [08] [00] [00] [00] [00] [04] [00] [00] [00] [00] [00] [00] [00] [00] [00] [0C] [00] [00] [00] [00] 
[00] [00] [00] [00] [00] [04] [00] [00] [00] [00] [00] [00] [00] [00] [00] [00] [00] [00] [00] [00] [00] [00] [00] [00] [00] [00] [00] [00] [00] [00] [00] [00] [00] [00] [00] [00] [00] [00] [00] [00] 
[00] [00] [00] [00] [00] [00] [00] [00] [00] [00] [00] [00] [00] [00] [00] [00] [00] [00] [00] [00] [00] [00] [00] [00] [00] [00] [00] [00] [00] [00] [00] [00] [00] [00] [00] [00] [02] [00] [00] [00] 
[00] [00] [00] [00] [00] [00] [02] [00] [04] [0C] [00] [00] [00] [00] [00] [00] [02] [00] [00] [00] [00] [00] [00] [00] [00] [00] [02] [00] [00] [00] [00] [01] [00] [00] [00] [00] [02] [00] [00] [00] 
[00] [01] [00] [00] [00] [00] [0A] [00] [00] [00] [00] [01] [00] [00] [00] [02] [02] [00] [00] [00] [00] [00] [01] [00] [00] [00] [00] [00] [00] [00] [00] [00] [01] [00] [00] [00] [00] [00] [00] [04] 
[00] [01] [01] [00] [00] [00] [00] [00] [00] [04] [00] [01] [01] [00] [02] [00] [00] [00] [00] [0D] [00] [01] [09] [00] [08] [00] [00] [00] [04] [0D] [00] [01] [09] [00] [02] [00] [00] [00] [01] [0D] 
[00] [01] [09] [00] [08] [00] [00] [00] [04] [0D] [00] [00] [01] [00] [08] [00] [00] [00] [04] [0D] [00] [00] [01] [08] [0A] [00] [00] [00] [05] [0D] [00] [00] [01] [08] [08] [00] [00] [00] [00] [04] 
[00] [00] [08] [08] [00] [00] [02] [00] [05] [00] [00] [00] [00] [02] [00] [02] [02] [00] [05] [00] [00] [01] [00] [00] [00] [0A] [02] [00] [04] [00] [01] [00] [00] [0A] [00] [0A] [02] [00] [05] [00] 
[09] [00] [00] [0A] [00] [0A] [02] [00] [0D] [00] [09] [00] [00] [02] [00] [0A] [00] [00] [05] [00] [09] [00] [00] [08] [00] [0A] [02] [00] [05] [04] [08] [00] [00] [0A] [00] [0A] [00] [00] [0D] [04] 
[00] [00] [00] [0A] [00] [02] [00] [00] [04] [04] [00] [00] [00] [00] [00] [00] [00] [00] [04] [00] [00] [00] [01] [00] [00] [00] [00] [00] [00] [00] [00] [01] [01] [00] [00] [05] [00] [00] [00] [04] 
[08] [09] [09] [00] [00] [04] [00] [00] [00] [04] [00] [09] [01] [00] [00] [0D] [00] [00] [00] [04] [0A] [09] [01] [00] [00] [0C] [00] [00] [00] [04] [0A] [09] [01] [00] [00] [0D] [00] [00] [00] [05] 
[0A] [09] [01] [00] [00] [0D] [00] [00] [00] [05] [0A] [09] [00] [00] [00] [0D] [00] [00] [00] [04] [0A] [09] [01] [00] [00] [0D] [00] [00] [00] [04] [0A] [09] [00] [00] [00] [0C] [00] [00] [00] [00] 
[00] [00] [00] [08] [00] [00] [00] [00] [05] [00] [00] [00] [00] [0A] [00] [00] [00] [00] [00] [00] [00] [00] [00] [00] [00] [00] [00] [00] [00] [00] [00] [00] [00] [00] [00] [00] [00] [00] [00] [00] 
[00] [00] [00] [00] [00] [00] [00] [00] [04] [00] [00] [00] [00] [00] [00] [00] [02] [00] [00] [00] [00] [09] [0A] [00] [00] [00] [02] [04] [04] [00] [00] [08] [08] [00] [00] [00] [02] [04] [00] [00] 
[00] [01] [0A] [00] [00] [00] [02] [04] [04] [00] [00] [01] [00] [00] [00] [00] [02] [00] [00] [00] [00] [00] [01] [00] [00] [04] [00] [00] [05] [05] [00] [00] [01] [0A] [02] [00] [00] [00] [0D] [0D] 
[00] [00] [01] [0A] [0A] [00] [00] [00] [0D] [0D] [00] [00] [01] [0A] [08] [00] [00] [00] [0D] [0C] [00] [00] [01] [0A] [00] [00] [00] [00] [0D] [04] [00] [00] [01] [0A] [00] [00] [00] [00] [0D] [00] 
[00] [00] [01] [08] [00] [00] [00] [00] [05] [04] [00] [00] [01] [08] [00] [00] [00] [00] [05] [04] [00] [00] [00] [00] [00] [00] [00] [00] [04] [00] [00] [00] [00] [00] [00] [00] [00] [00] [00] [04] 
[08] [09] [00] [00] [00] [02] [0A] [00] [00] [00] [09] [0B] [00] [00] [00] [0B] [0A] [00] [00] [00] [09] [0B] [00] [00] [00] [0A] [0A] [00] [00] [00] [09] [0B] [08] [00] [00] [0A] [0A] [05] [00] [00] 
[00] [0B] [0A] [00] [00] [02] [0A] [0D] [00] [00] [00] [09] [0A] [00] [00] [00] [0A] [0C] [00] [00] [00] [09] [08] [00] [00] [02] [0A] [00] [00] [00] [00] [09] [00] [00] [00] [02] [0A] [00] [00] [00] 
[00] [01] [00] [00] [00] [00] [02] [00] [00] [00] [00] [00] [00] [00] [00] [00] [02] [00] [00] [00] [00] [00] [00] [00] [0A] [00] [00] [00] [00] [0D] [00] [00] [00] [00] [0A] [00] [00] [00] [00] [0D] 
[00] [00] [01] [00] [0A] [00] [00] [00] [00] [0C] [00] [00] [00] [00] [0A] [00] [00] [00] [00] [0D] [00] [00] [00] [00] [02] [00] [00] [00] [00] [0D] [00] [00] [00] [00] [02] [00] [00] [00] [00] [0D] 
[00] [00] [01] [00] [0A] [00] [00] [00] [00] [0D] [00] [00] [00] [00] [0A] [00] [00] [00] [00] [0D] [00] [00] [00] [00] [0A] [00] [00] [00] [00] [0D] [00] [00] [00] [00] [0A] [00] [00] [00] [00] [0C] 
