================================================================================
METHOD 9: 8-Track Row-Major Reversed (content_all)
================================================================================

Same as Method 1 but rows read bottom-to-top within each block.

Total frames: 2000
Printable ASCII: 253 (12.7%)
Alpha letters: 197 (9.8%)
Unique byte values: 20


--------------------------------------------------------------------------------
RAW FRAMES (hex)
--------------------------------------------------------------------------------

0000: 00 00 00 00 00 00 00 00 00 00 00 00 00 00 00 00   ................
0010: 00 00 04 04 00 00 00 00 00 00 00 00 04 04 00 00   ................
0020: 00 00 00 00 00 00 04 04 00 00 00 00 00 00 00 00   ................
0030: 04 0C 00 00 00 00 00 00 00 00 04 0C 00 00 00 44   ...............D
0040: 44 00 00 00 04 0C 00 00 00 00 40 00 00 00 04 0C   D.........@.....
0050: 00 00 00 00 00 00 00 00 00 04 00 00 00 00 00 00   ................
0060: 00 00 00 00 00 00 00 00 00 00 00 00 00 00 00 00   ................
0070: 03 00 00 01 00 00 00 00 04 00 03 03 00 01 00 00   ................
0080: 00 00 00 00 03 00 00 21 00 00 00 00 04 00 43 41   .......!......CA
0090: 00 71 00 00 00 00 44 00 43 00 00 73 10 00 00 00   .q....D.C..s....
00A0: 00 00 43 00 00 01 00 00 00 00 00 00 43 00 00 00   ..C.........C...
00B0: 00 00 00 00 00 00 00 00 00 00 00 00 00 00 00 00   ................
00C0: 00 00 00 00 00 00 00 00 00 00 00 00 00 00 00 00   ................
00D0: 0C 04 00 00 00 40 00 00 00 00 0C 04 00 00 00 40   .....@.........@
00E0: 40 00 00 00 04 04 00 00 00 01 00 00 00 00 0C 04   @...............
00F0: 00 00 00 03 00 00 00 00 0C 0C 00 00 00 00 40 00   ..............@.
0100: 10 00 0C 04 00 00 00 00 40 00 01 00 0C 04 00 00   ........@.......
0110: 00 00 00 00 00 00 00 00 00 00 00 00 00 00 00 00   ................
0120: 04 00 00 00 00 00 00 00 00 00 00 00 00 00 00 00   ................
0130: 00 01 00 00 00 00 00 00 00 00 00 31 00 00 00 00   ...........1....
0140: 04 00 00 00 00 71 01 00 00 00 04 04 00 00 00 73   .....q.........s
0150: 00 00 00 00 04 00 00 00 00 F3 01 00 00 00 44 00   ..............D.
0160: 00 00 00 51 10 00 00 00 00 00 00 00 00 01 00 00   ...Q............
0170: 00 00 00 00 00 00 00 00 00 00 00 00 00 00 00 00   ................
0180: 00 00 00 00 00 00 00 00 00 00 00 00 00 00 00 00   ................
0190: 00 00 00 00 00 00 00 00 04 00 00 00 00 00 00 00   ................
01A0: 01 00 04 00 00 00 00 00 00 00 00 00 04 04 00 04   ................
01B0: 00 00 00 00 00 00 04 04 00 04 00 00 44 41 01 00   ............DA..
01C0: 04 0C 00 00 00 00 00 51 11 10 04 00 04 04 04 07   .......Q........
01D0: 00 41 01 00 0C 00 04 00 04 01 00 00 00 00 0C 00   .A..............
01E0: 00 00 00 40 00 00 00 00 0C 00 00 00 00 00 00 00   ...@............
01F0: 00 00 04 00 00 04 03 00 00 01 01 00 00 00 00 04   ................
0200: 03 00 00 71 31 00 00 00 00 04 03 00 00 21 31 00   ...q1........!1.
0210: 00 00 00 00 03 00 00 01 01 00 00 00 00 04 03 00   ................
0220: 00 71 31 00 00 00 44 40 03 00 04 71 11 00 00 51   .q1...D@...q...Q
0230: 04 04 03 00 04 71 21 00 00 01 00 00 03 00 04 21   .....q!........!
0240: 01 00 00 00 00 04 03 00 00 01 00 00 00 00 00 00   ................
0250: 00 00 00 01 00 00 00 00 00 00 00 00 00 00 00 00   ................
0260: 0C 04 00 00 00 40 00 00 00 00 0C 04 00 00 00 41   .....@.........A
0270: 40 41 01 00 0C 04 00 00 00 41 00 00 00 00 0C 0C   @A.......A......
0280: 00 00 00 43 40 00 00 00 0C 0C 00 00 00 47 C7 00   ...C@........G..
0290: 00 00 8C CC 00 00 00 47 44 00 00 00 0C 0C 00 00   .......GD.......
02A0: 00 00 00 00 00 00 04 00 00 00 00 00 00 00 00 00   ................
02B0: 0C 00 00 00 00 00 00 00 00 00 04 00 00 00 03 00   ................
02C0: 00 00 00 00 00 00 00 00 43 43 00 31 00 00 00 00   ........CC.1....
02D0: 04 00 C7 47 00 71 01 00 00 00 04 00 C7 40 00 F3   ...G.q.......@..
02E0: 00 00 00 00 04 00 43 00 00 F3 01 00 00 00 5C 44   ......C.......\D
02F0: 47 43 00 F3 11 01 00 00 04 00 C7 47 00 73 10 00   GC.........G.s..
0300: 00 00 0C 00 C7 C7 00 F1 10 00 00 00 04 00 47 40   ..............G@
0310: 00 71 00 00 00 00 00 00 43 00 00 31 01 00 00 00   .q......C..1....
0320: 00 00 00 00 00 01 00 00 00 00 00 00 00 00 00 00   ................
0330: 31 00 04 04 00 84 04 00 00 01 71 01 04 04 04 CC   1.........q.....
0340: 84 00 44 41 73 01 04 0C 04 CC 04 00 40 61 F3 41   ..DAs.......@a.A
0350: 04 0C 44 CC 44 00 44 55 73 14 04 04 04 CC 04 00   ..D.D.DUs.......
0360: 44 71 73 00 00 0C 00 9C 04 00 40 01 73 00 00 0C   Dqs.......@.s...
0370: 00 04 04 00 00 00 31 00 00 04 00 04 00 00 00 00   ......1.........
0380: 31 00 00 04 C4 04 03 07 04 F7 01 00 00 41 8C 04   1............A..
0390: 43 C7 CC F3 31 00 00 F3 C4 04 43 C7 CC F1 31 00   C...1.....C...1.
03A0: 00 F1 04 04 03 C7 CC 73 01 00 00 F3 04 00 00 C7   .......s........
03B0: CC 71 00 00 00 F3 40 00 00 C7 CD 71 10 00 01 F3   .q....@....q....
03C0: 00 00 00 C7 CC 71 00 00 00 F3 00 00 00 43 C4 01   .....q.......C..
03D0: 00 00 00 71 00 00 00 43 84 01 00 00 00 71 00 00   ...q...C.....q..
03E0: 00 40 04 01 00 00 00 41 00 00 00 00 00 01 01 00   .@.....A........
03F0: 00 04 04 0C 00 00 00 11 33 00 04 04 04 8C 00 00   ........3.......
0400: 00 71 73 00 04 00 04 CC 04 00 00 F3 73 00 04 00   .qs.........s...
0410: A4 CC 00 00 00 71 73 31 1C 00 44 4C 5C 41 00 F3   .....qs1..DL\A..
0420: 73 73 2C 00 84 84 CC C7 00 F1 73 73 0C 00 04 C4   ss,.......ss....
0430: DC C7 00 71 73 71 0C 00 00 04 C4 47 00 41 31 70   ...qsq.....G.A1p
0440: 1C 00 00 00 04 43 00 01 00 00 0C 00 00 00 00 03   .....C..........
0450: 04 00 00 00 00 43 00 00 00 00 8C 00 00 00 00 71   .....C.........q
0460: 00 00 00 00 04 00 00 00 00 71 00 00 00 00 04 00   .........q......
0470: 00 00 00 F3 00 00 01 00 84 00 00 00 00 71 00 00   .............q..
0480: 00 00 44 00 00 00 00 F1 00 00 00 00 04 00 00 00   ..D.............
0490: 00 61 00 00 00 00 04 01 00 00 00 41 00 00 00 00   .a.........A....
04A0: 04 01 00 00 00 00 00 00 00 00 00 01 00 00 00 00   ................
04B0: 00 00 00 00 00 00 00 00 04 00 04 04 00 00 00 41   ...............A
04C0: 00 00 04 00 04 00 00 00 00 41 01 00 04 00 00 00   .........A......
04D0: 00 00 00 51 01 00 0C 00 04 04 04 01 00 F1 71 01   ...Q..........q.
04E0: 0C 00 44 04 44 00 00 51 11 11 0C 00 04 00 04 40   ..D.D..Q.......@
04F0: 00 40 01 00 0C 00 00 00 04 03 00 00 00 41 0C 04   .@...........A..
0500: 00 00 04 47 00 00 00 01 8C 04 00 00 04 43 00 00   ...G.........C..
0510: 01 00 0C 0C 00 00 03 00 00 01 00 00 00 00 00 00   ................
0520: 03 01 00 21 00 00 00 00 00 00 43 03 00 71 00 00   ...!......C..q..
0530: 00 00 0C 04 47 43 00 F3 11 00 00 00 84 00 C7 43   ....GC.........C
0540: 04 F3 31 00 00 40 5C 44 C7 43 00 F3 13 00 00 10   ..1..@\D.C......
0550: C4 04 C7 42 00 F3 71 00 00 00 C4 04 47 00 00 F3   ...B..q.....G...
0560: 21 00 00 00 CC C4 43 00 00 F3 73 00 00 00 84 C4   !.....C...s.....
0570: 43 00 00 71 01 00 00 00 00 84 84 00 00 00 73 40   C..q..........s@
0580: 0C 04 00 0C 00 00 00 01 73 00 0C 0C 00 04 00 03   ........s.......
0590: 41 01 71 01 0C CC 00 CC 04 41 47 41 73 50 4C CC   A.q......AGAsPL.
05A0: 04 CC 04 00 C7 41 F3 00 0C CC 44 4C 44 00 C7 51   .....A....DLD..Q
05B0: 73 10 04 CC 04 C4 04 00 C7 71 73 00 0C DC 04 CC   s........qs.....
05C0: 04 00 C5 71 F3 01 04 8C 04 CC 04 00 44 71 71 00   ...q........Dqq.
05D0: 04 0C 00 04 00 00 04 41 31 00 00 04 00 00 03 00   .......A1.......
05E0: 00 01 01 00 00 01 04 00 47 47 04 71 01 00 00 73   ........GG.q...s
05F0: 00 00 C7 C7 C4 71 01 00 00 71 00 00 43 C7 04 71   .....q...q..C..q
0600: 01 00 00 F3 04 04 03 C7 CC 71 01 00 00 F1 44 44   .........q....DD
0610: 03 C7 CC 73 10 00 00 F3 04 00 02 C7 CC 73 00 00   ...s.........s..
0620: 00 F3 04 00 01 C7 CC 71 00 00 01 F3 00 00 03 C7   .......q........
0630: CC 71 00 00 00 F3 00 00 00 C7 CD 01 00 00 00 F1   .q..............
0640: 00 84 00 00 00 41 73 00 04 00 00 CC 00 00 00 41   .....As........A
0650: 01 00 04 00 04 04 00 00 00 01 01 00 04 00 00 04   ................
0660: 00 00 00 01 01 00 04 00 00 04 00 00 00 00 31 00   ..............1.
0670: 04 00 00 44 00 00 00 10 11 01 0C 00 00 00 CC C7   ...D............
0680: 00 01 21 71 0C 00 04 04 C4 C0 00 51 01 71 0C 00   ..!q.......Q.q..
0690: 04 04 CC 47 00 00 31 71 0C 00 00 00 04 47 00 01   ...G..1q.....G..
06A0: 01 01 0C 00 04 04 03 00 04 73 33 00 00 61 0C CC   .........s3..a..
06B0: 03 00 04 F3 F3 00 00 41 CC CC 43 00 04 F3 F3 00   .......A..C.....
06C0: 00 41 84 CC 43 00 04 F1 F3 00 00 41 04 CC 43 00   .A..C......A..C.
06D0: 04 71 F3 00 00 00 44 CC 43 00 44 51 F3 00 00 11   .q....D.C.DQ....
06E0: 00 C4 47 00 00 71 73 00 00 01 00 84 03 00 04 71   ..G..qs........q
06F0: 73 00 00 41 00 00 01 00 04 01 31 00 00 00 00 00   s..A......1.....
0700: 00 00 00 31 01 00 00 01 00 00 00 C7 80 00 00 01   ...1............
0710: CC 0C 00 00 04 CF C7 00 00 51 CC CE 00 00 04 CF   .........Q......
0720: C7 00 00 41 CC CC 00 00 84 CF C7 00 00 73 CC CC   ...A.........s..
0730: 00 00 CC CF 44 00 00 F3 CC 0C 00 00 CC C7 40 00   ....D.........@.
0740: 00 F1 CC 04 00 00 C4 C7 44 00 00 40 CC 0C 00 00   ........D..@....
0750: 00 C7 40 00 00 00 CC 1C 00 00 00 43 00 00 00 00   ..@........C....
0760: 1C 04 00 00 00 41 00 00 00 00 0C 04 CC 00 00 00   .....A..........
0770: 00 F3 00 00 00 00 CC 00 00 00 00 F3 00 00 00 00   ................
0780: CC 00 03 00 00 F1 00 00 00 00 CC 00 00 00 00 F3   ................
0790: 00 00 00 00 4C 01 00 00 00 F3 00 00 00 00 4D 00   ....L.........M.
07A0: 00 00 00 F3 00 00 00 00 CC 00 02 00 00 F3 00 00   ................
07B0: 00 00 CC 00 00 00 00 F3 00 00 00 00 CC 00 00 00   ................
07C0: 00 F3 00 00 00 00 CC 00 00 00 00 F1 00 00 00 00   ................

--------------------------------------------------------------------------------
DECODED TEXT
--------------------------------------------------------------------------------

[00][00][00][00][00][00][00][00][00][00][00][00][00][00][00][00][00][00][04][04][00][00][00][00][00][00][00][00][04][04][00][00][00][00][00][00][00][00][04][04][00][00][00][00][00][00][00][00][04][0C][00][00][00][00][00][00][00][00][04][0C][00][00][00]DD[00][00][00][04][0C][00][00][00][00]@[00][00][00][04][0C][00][00][00][00][00][00][00][00][00][04][00][00][00][00][00][00][00][00][00][00][00][00][00][00][00][00][00][00][00][00][00][00][03][00][00][01][00][00][00][00][04][00][03][03][00][01][00][00][00][00][00][00][03][00][00]![00][00][00][00][04][00]CA[00]q[00][00][00][00]D[00]C[00][00]s[10][00][00][00][00][00]C[00][00][01][00][00][00][00][00][00]C[00][00][00][00][00][00][00][00][00][00][00][00][00][00][00][00][00][00][00][00][00][00][00][00][00][00][00][00][00][00][00][00][00][00][00][0C][04][00][00][00]@[00][00][00][00][0C][04][00][00][00]@@[00][00][00][04][04][00][00][00][01][00][00][00][00][0C][04][00][00][00][03][00][00][00][00][0C][0C][00][00][00][00]@[00][10][00][0C][04][00][00][00][00]@[00][01][00][0C][04][00][00][00][00][00][00][00][00][00][00][00][00][00][00][00][00][00][00][04][00][00][00][00][00][00][00][00][00][00][00][00][00][00][00][00][01][00][00][00][00][00][00][00][00][00]1[00][00][00][00][04][00][00][00][00]q[01][00][00][00][04][04][00][00][00]s[00][00][00][00][04][00][00][00][00][F3][01][00][00][00]D[00][00][00][00]Q[10][00][00][00][00][00][00][00][00][01][00][00][00][00][00][00][00][00][00][00][00][00][00][00][00][00][00][00][00][00][00][00][00][00][00][00][00][00][00][00][00][00][00][00][00][00][00][00][00][00][00][00][04][00][00][00][00][00][00][00][01][00][04][00][00][00][00][00][00][00][00][00][04][04][00][04][00][00][00][00][00][00][04][04][00][04][00][00]DA[01][00][04][0C][00][00][00][00][00]Q[11][10][04][00][04][04][04][07][00]A[01][00][0C][00][04][00][04][01][00][00][00][00][0C][00][00][00][00]@[00][00][00][00][0C][00][00][00][00][00][00][00][00][00][04][00][00][04][03][00][00][01][01][00][00][00][00][04][03][00][00]q1[00][00][00][00][04][03][00][00]!1[00][00][00][00][00][03][00][00][01][01][00][00][00][00][04][03][00][00]q1[00][00][00]D@[03][00][04]q[11][00][00]Q[04][04][03][00][04]q![00][00][01][00][00][03][00][04]![01][00][00][00][00][04][03][00][00][01][00][00][00][00][00][00][00][00][00][01][00][00][00][00][00][00][00][00][00][00][00][00][0C][04][00][00][00]@[00][00][00][00][0C][04][00][00][00]A@A[01][00][0C][04][00][00][00]A[00][00][00][00][0C][0C][00][00][00]C@[00][00][00][0C][0C][00][00][00]G[C7][00][00][00][8C][CC][00][00][00]GD[00][00][00][0C][0C][00][00][00][00][00][00][00][00][04][00][00][00][00][00][00][00][00][00][0C][00][00][00][00][00][00][00][00][00][04][00][00][00][03][00][00][00][00][00][00][00][00][00]CC[00]1[00][00][00][00][04][00][C7]G[00]q[01][00][00][00][04][00][C7]@[00][F3][00][00][00][00][04][00]C[00][00][F3][01][00][00][00]\DGC[00][F3][11][01][00][00][04][00][C7]G[00]s[10][00][00][00][0C][00][C7][C7][00][F1][10][00][00][00][04][00]G@[00]q[00][00][00][00][00][00]C[00][00]1[01][00][00][00][00][00][00][00][00][01][00][00][00][00][00][00][00][00][00][00]1[00][04][04][00][84][04][00][00][01]q[01][04][04][04][CC][84][00]DAs[01][04][0C][04][CC][04][00]@a[F3]A[04][0C]D[CC]D[00]DUs[14][04][04][04][CC][04][00]Dqs[00][00][0C][00][9C][04][00]@[01]s[00][00][0C][00][04][04][00][00][00]1[00][00][04][00][04][00][00][00][00]1[00][00][04][C4][04][03][07][04][F7][01][00][00]A[8C][04]C[C7][CC][F3]1[00][00][F3][C4][04]C[C7][CC][F1]1[00][00][F1][04][04][03][C7][CC]s[01][00][00][F3][04][00][00][C7][CC]q[00][00][00][F3]@[00][00][C7][CD]q[10][00][01][F3][00][00][00][C7][CC]q[00][00][00][F3][00][00][00]C[C4][01][00][00][00]q[00][00][00]C[84][01][00][00][00]q[00][00][00]@[04][01][00][00][00]A[00][00][00][00][00][01][01][00][00][04][04][0C][00][00][00][11]3[00][04][04][04][8C][00][00][00]qs[00][04][00][04][CC][04][00][00][F3]s[00][04][00][A4][CC][00][00][00]qs1[1C][00]DL\A[00][F3]ss,[00][84][84][CC][C7][00][F1]ss[0C][00][04][C4][DC][C7][00]qsq[0C][00][00][04][C4]G[00]A1p[1C][00][00][00][04]C[00][01][00][00][0C][00][00][00][00][03][04][00][00][00][00]C[00][00][00][00][8C][00][00][00][00]q[00][00][00][00][04][00][00][00][00]q[00][00][00][00][04][00][00][00][00][F3][00][00][01][00][84][00][00][00][00]q[00][00][00][00]D[00][00][00][00][F1][00][00][00][00][04][00][00][00][00]a[00][00][00][00][04][01][00][00][00]A[00][00][00][00][04][01][00][00][00][00][00][00][00][00][00][01][00][00][00][00][00][00][00][00][00][00][00][00][04][00][04][04][00][00][00]A[00][00][04][00][04][00][00][00][00]A[01][00][04][00][00][00][00][00][00]Q[01][00][0C][00][04][04][04][01][00][F1]q[01][0C][00]D[04]D[00][00]Q[11][11][0C][00][04][00][04]@[00]@[01][00][0C][00][00][00][04][03][00][00][00]A[0C][04][00][00][04]G[00][00][00][01][8C][04][00][00][04]C[00][00][01][00][0C][0C][00][00][03][00][00][01][00][00][00][00][00][00][03][01][00]![00][00][00][00][00][00]C[03][00]q[00][00][00][00][0C][04]GC[00][F3][11][00][00][00][84][00][C7]C[04][F3]1[00][00]@\D[C7]C[00][F3][13][00][00][10][C4][04][C7]B[00][F3]q[00][00][00][C4][04]G[00][00][F3]![00][00][00][CC][C4]C[00][00][F3]s[00][00][00][84][C4]C[00][00]q[01][00][00][00][00][84][84][00][00][00]s@[0C][04][00][0C][00][00][00][01]s[00][0C][0C][00][04][00][03]A[01]q[01][0C][CC][00][CC][04]AGAsPL[CC][04][CC][04][00][C7]A[F3][00][0C][CC]DLD[00][C7]Qs[10][04][CC][04][C4][04][00][C7]qs[00][0C][DC][04][CC][04][00][C5]q[F3][01][04][8C][04][CC][04][00]Dqq[00][04][0C][00][04][00][00][04]A1[00][00][04][00][00][03][00][00][01][01][00][00][01][04][00]GG[04]q[01][00][00]s[00][00][C7][C7][C4]q[01][00][00]q[00][00]C[C7][04]q[01][00][00][F3][04][04][03][C7][CC]q[01][00][00][F1]DD[03][C7][CC]s[10][00][00][F3][04][00][02][C7][CC]s[00][00][00][F3][04][00][01][C7][CC]q[00][00][01][F3][00][00][03][C7][CC]q[00][00][00][F3][00][00][00][C7][CD][01][00][00][00][F1][00][84][00][00][00]As[00][04][00][00][CC][00][00][00]A[01][00][04][00][04][04][00][00][00][01][01][00][04][00][00][04][00][00][00][01][01][00][04][00][00][04][00][00][00][00]1[00][04][00][00]D[00][00][00][10][11][01][0C][00][00][00][CC][C7][00][01]!q[0C][00][04][04][C4][C0][00]Q[01]q[0C][00][04][04][CC]G[00][00]1q[0C][00][00][00][04]G[00][01][01][01][0C][00][04][04][03][00][04]s3[00][00]a[0C][CC][03][00][04][F3][F3][00][00]A[CC][CC]C[00][04][F3][F3][00][00]A[84][CC]C[00][04][F1][F3][00][00]A[04][CC]C[00][04]q[F3][00][00][00]D[CC]C[00]DQ[F3][00][00][11][00][C4]G[00][00]qs[00][00][01][00][84][03][00][04]qs[00][00]A[00][00][01][00][04][01]1[00][00][00][00][00][00][00][00]1[01][00][00][01][00][00][00][C7][80][00][00][01][CC][0C][00][00][04][CF][C7][00][00]Q[CC][CE][00][00][04][CF][C7][00][00]A[CC][CC][00][00][84][CF][C7][00][00]s[CC][CC][00][00][CC][CF]D[00][00][F3][CC][0C][00][00][CC][C7]@[00][00][F1][CC][04][00][00][C4][C7]D[00][00]@[CC][0C][00][00][00][C7]@[00][00][00][CC][1C][00][00][00]C[00][00][00][00][1C][04][00][00][00]A[00][00][00][00][0C][04][CC][00][00][00][00][F3][00][00][00][00][CC][00][00][00][00][F3][00][00][00][00][CC][00][03][00][00][F1][00][00][00][00][CC][00][00][00][00][F3][00][00][00][00]L[01][00][00][00][F3][00][00][00][00]M[00][00][00][00][F3][00][00][00][00][CC][00][02][00][00][F3][00][00][00][00][CC][00][00][00][00][F3][00][00][00][00][CC][00][00][00][00][F3][00][00][00][00][CC][00][00][00][00][F1][00][00][00][00]

--------------------------------------------------------------------------------
ALL UNIQUE BYTE STATS
--------------------------------------------------------------------------------

  0x21    !:    7 #######
  0x2C    ,:    1 #
  0x31    1:   19 ###################
  0x33    3:    2 ##
  0x40    @:   24 ########################
  0x41    A:   29 #############################
  0x42    B:    1 #
  0x43    C:   29 #############################
  0x44    D:   28 ############################
  0x47    G:   16 ################
  0x4C    L:    4 ####
  0x4D    M:    1 #
  0x50    P:    1 #
  0x51    Q:    9 #########
  0x55    U:    1 #
  0x5C    \:    3 ###
  0x61    a:    3 ###
  0x70    p:    1 #
  0x71    q:   44 ########################################
  0x73    s:   30 ##############################
