METHOD 4: 5-Track Baudot (cols2-6, content_all)
================================================================================

Columns used as tracks: cols2-6 = [2, 3, 4, 5, 6]
Each row = 1 Baudot/ITA2 frame (5 bits)
Total frames: 2000

--- RAW FRAMES (hex) ---
00 00 00 00 00 00 00 00 00 00 00 00 00 00 00 02 02 00 00 00 
00 00 00 00 00 02 02 00 00 00 00 00 00 00 00 02 02 00 00 00 
00 00 00 00 00 06 02 00 00 00 00 00 00 00 00 06 02 00 00 00 
02 02 00 00 00 06 02 00 00 00 00 00 00 00 00 06 02 00 00 00 
00 00 00 00 00 02 00 00 00 00 00 00 00 00 00 00 00 00 00 00 
00 00 00 00 00 00 00 00 00 00 00 00 01 00 00 00 00 00 00 00 
00 01 01 00 02 00 00 00 00 00 00 00 01 00 00 00 00 00 00 10 
00 00 01 00 02 00 00 00 00 18 00 00 01 00 02 00 00 00 08 19 
00 00 01 00 00 00 00 00 00 00 00 00 01 00 00 00 00 00 00 00 
00 00 00 00 00 00 00 00 00 00 00 00 00 00 00 00 00 00 00 00 
00 00 00 00 00 02 06 00 00 00 00 00 00 00 00 02 06 00 00 00 
00 00 00 00 00 02 02 00 00 00 00 00 00 00 00 02 06 00 00 00 
00 01 00 00 00 06 06 00 00 00 00 00 00 00 00 02 06 00 08 00 
00 00 00 00 00 02 06 00 00 00 00 00 00 00 00 00 00 00 00 00 
00 00 00 00 00 00 02 00 00 00 00 00 00 00 00 00 00 00 00 00 
00 00 00 00 00 00 00 00 00 00 00 00 00 00 00 00 00 00 00 18 
00 00 00 00 02 00 00 00 00 18 00 00 00 02 02 00 00 00 00 19 
00 00 00 00 02 00 00 00 00 19 00 00 00 00 02 00 00 00 08 08 
00 00 00 00 00 00 00 00 00 00 00 00 00 00 00 00 00 00 00 00 
00 00 00 00 00 00 00 00 00 00 00 00 00 00 00 00 00 00 00 00 
00 00 00 00 00 00 02 00 00 00 00 00 00 00 00 00 02 00 00 00 
00 00 00 00 00 02 02 00 00 00 00 00 00 02 00 02 02 00 00 00 
02 00 00 02 00 06 02 00 00 00 00 00 00 00 00 00 02 08 08 08 
00 03 02 02 02 00 06 00 00 00 00 00 02 00 02 00 06 00 00 00 
00 00 00 00 00 00 06 00 00 00 00 00 00 00 00 00 02 00 00 00 
00 00 01 02 00 00 00 00 00 00 00 00 01 02 00 00 00 00 18 18 
00 00 01 02 00 00 00 00 18 10 00 00 01 00 00 00 00 00 00 00 
00 00 01 02 00 00 00 00 18 18 02 00 01 00 02 08 00 00 08 18 
02 00 01 02 02 00 00 00 10 18 02 00 01 00 00 00 00 00 00 10 
00 00 01 02 00 00 00 00 00 00 00 00 00 00 00 00 00 00 00 00 
00 00 00 00 00 02 06 00 00 00 00 00 00 00 00 02 06 00 00 00 
00 00 00 00 00 02 06 00 00 00 00 00 00 00 00 06 06 00 00 00 
00 01 00 00 00 06 06 00 00 00 03 03 00 00 00 06 06 00 00 00 
02 03 00 00 00 06 06 00 00 00 00 00 00 00 00 00 02 00 00 00 
00 00 00 00 00 00 06 00 00 00 00 00 00 00 00 00 02 00 00 00 
00 00 01 00 00 00 00 00 00 00 00 01 01 00 00 00 00 00 00 18 
00 03 03 00 02 00 00 00 00 18 00 00 03 00 02 00 00 00 00 19 
00 00 01 00 02 00 00 00 00 19 00 01 03 02 0E 00 00 00 08 19 
00 03 03 00 02 00 00 00 08 19 00 03 03 00 06 00 00 00 08 18 
00 00 03 00 02 00 00 00 00 18 00 00 01 00 00 00 00 00 00 18 
00 00 00 00 00 00 00 00 00 00 00 00 00 00 00 02 02 00 18 00 
00 00 02 02 00 02 02 00 18 00 02 00 02 06 02 06 02 00 19 00 
00 00 02 06 02 06 02 00 19 10 02 00 02 06 02 02 02 0A 19 0A 
02 00 02 06 02 06 00 00 19 18 00 00 02 0E 00 06 00 00 19 00 
00 00 02 02 00 02 00 00 18 00 00 00 00 02 00 02 00 00 18 00 
02 03 01 02 02 00 00 00 00 1B 06 03 01 02 06 19 00 00 18 19 
06 03 01 02 02 18 00 00 18 18 06 03 01 02 02 19 00 00 00 19 
06 03 00 00 02 19 00 00 00 18 06 03 00 00 00 19 00 00 08 18 
06 03 00 00 00 19 00 00 00 18 02 01 00 00 00 18 00 00 00 00 
02 01 00 00 00 18 00 00 00 00 02 00 00 00 00 00 00 00 00 00 
00 00 00 00 00 02 00 00 00 00 00 00 00 06 02 02 02 00 19 08 
00 00 00 06 02 00 02 00 19 18 00 00 02 06 02 00 02 00 19 19 
00 00 00 06 12 00 0E 18 19 18 00 00 0E 06 02 00 16 19 19 19 
00 03 06 02 02 00 06 19 19 18 00 03 0E 02 02 00 06 18 19 18 
00 03 02 02 00 00 0E 18 18 00 00 01 02 00 00 00 06 00 00 00 
02 01 00 00 00 01 00 00 00 00 06 00 00 00 00 18 00 00 00 00 
02 00 00 00 00 18 00 00 00 00 02 00 00 00 00 19 00 00 00 00 
02 00 00 00 00 18 00 00 00 00 02 00 00 00 00 18 00 00 00 00 
02 00 00 00 00 10 00 00 00 00 02 00 00 00 00 00 00 00 00 00 
02 00 00 00 00 00 00 00 00 00 00 00 00 00 00 00 00 00 00 00 
00 00 00 00 00 00 02 00 00 00 00 00 00 02 02 00 02 00 00 00 
00 00 00 00 02 00 02 00 00 00 00 00 00 00 00 00 06 00 00 08 
00 00 02 02 02 00 06 00 18 18 00 00 02 02 02 00 06 08 08 08 
00 00 02 00 02 00 06 00 00 00 00 01 02 00 00 02 06 00 00 00 
00 03 02 00 00 02 06 00 00 00 00 01 02 00 00 06 06 00 00 00 
00 00 01 00 00 00 00 00 00 00 00 00 01 00 00 00 00 00 00 10 
00 01 01 00 00 00 00 00 00 18 00 01 03 02 06 00 00 00 08 19 
02 01 03 00 02 00 00 00 18 19 00 01 03 02 0E 08 00 00 09 19 
00 01 03 02 02 00 00 00 18 19 00 00 03 02 02 00 00 00 10 19 
00 00 01 02 06 00 00 00 19 19 00 00 01 02 02 00 00 00 00 18 
00 00 02 02 00 02 06 00 19 00 00 00 00 06 00 06 06 00 19 00 
00 01 00 02 00 06 06 00 18 00 03 00 02 06 00 06 06 08 19 00 
03 00 02 06 02 06 06 00 19 00 03 00 02 06 02 06 02 08 19 08 
03 00 02 02 02 0E 06 00 19 18 02 00 02 06 02 06 02 00 19 18 
02 00 02 06 02 06 02 00 18 18 02 00 00 02 00 02 00 00 18 00 
00 00 01 00 00 00 00 00 00 00 02 03 03 00 02 19 00 00 00 18 
02 03 03 00 00 18 00 00 00 18 02 03 01 00 00 19 00 00 00 18 
06 03 01 02 02 18 00 00 00 18 06 03 01 02 02 19 00 00 08 19 
06 03 01 00 02 19 00 00 00 19 06 03 00 00 02 19 00 00 00 18 
06 03 01 00 00 19 00 00 00 18 06 03 00 00 00 18 00 00 00 00 
00 00 00 02 00 00 02 00 19 00 00 00 00 06 00 00 02 00 00 00 
00 00 00 02 02 00 02 00 00 00 00 00 00 02 00 00 02 00 00 00 
00 00 00 02 00 00 02 00 18 00 00 00 00 02 00 00 06 00 08 08 
00 03 06 00 00 00 06 18 10 00 00 00 02 02 02 00 06 18 00 08 
00 03 06 02 02 00 06 18 18 00 00 03 02 00 00 00 06 00 00 00 
02 00 01 02 02 10 00 00 19 19 02 00 01 06 06 00 00 00 19 19 
02 00 01 06 06 00 00 00 19 19 02 00 01 06 02 00 00 00 19 18 
02 00 01 06 02 00 00 00 19 18 02 00 01 06 02 08 00 00 19 08 
00 00 03 02 00 00 00 00 19 18 02 00 01 02 00 00 00 00 19 18 
02 00 00 00 00 00 00 00 18 00 00 00 00 00 00 00 00 00 00 18 
00 03 00 00 00 06 06 00 00 00 03 07 02 00 00 07 06 08 00 00 
03 07 02 00 00 06 06 00 00 00 03 07 02 00 00 06 06 19 00 00 
02 07 06 00 00 06 06 19 00 00 00 03 06 00 00 02 06 18 00 00 
02 03 02 00 00 06 06 00 00 00 00 03 00 00 00 0E 06 00 00 00 
00 01 00 00 00 02 0E 00 00 00 00 00 00 00 00 02 06 00 00 00 
00 00 00 00 06 00 00 00 00 19 00 00 00 00 06 00 00 00 00 19 
00 00 01 00 06 00 00 00 00 18 00 00 00 00 06 00 00 00 00 19 
00 00 00 00 06 00 00 00 00 19 00 00 00 00 06 00 00 00 00 19 
00 00 01 00 06 00 00 00 00 19 00 00 00 00 06 00 00 00 00 19 
00 00 00 00 06 00 00 00 00 19 00 00 00 00 06 00 00 00 00 18 

--- BAUDOT DECODE ---

               

        

        

        N
        N
   

   N
        N
        
                          T        TT 
       T      E  T 
    A  T 
   W  T         T                                
N        
N        

        
N    T   NN        
N       
N                   
                                A    
    A   

    W    
    W    
                                                 
         
        

      
 

   
  
 N
         
 O


 N     
 
 N         N         
     T
        T
    AA  T
    AE  T         T
    AA
 T 
  A
 T

   EA
 T      E  T
                     
N        
N        
N        NN    T   NN   OO   NN   
O   NN         
         N         
     T        TT      A OO 
    A  O 
    W  T 
    W TO
C   W OO 
   W OO N   A  O 
    A  T      A               

 A   

 

 A 
 
N
N
 W   
N
N
 WE
 
N


RWR
 
N
N  WA  
C N  W   

 
  A    
 
  A 
OT

    [FIGS],?'
,?  1?,?'

1  11,?'

?   ?,?  
?   1,?   ?  1,?   ?   1
'   1    
'   1    
              
       ,


 ?   ,
 
 ?1  
,
 
 ??   ,4 31?1  3,
 6??? ?,

 ,??1 ?3

 ,1?1 ?

  311  '
   ,   
'   '    ,    1    
    1    
    ?    
    1    
    1    
    5    
         
                         
      

 
       
 
         ,    


 , 11  


 ,  
 
 ,    '
  
,    ?
  
,    '
  ,,     '         '      5 ''      1 '?
,   ?
'? 
   1? '?
3  -? '?

   1?  ?

   5?  '
,   ??  '

    1  

 
, ?    , ,, ?  ' 
 ,, 1 ? 
, ,,? ? 
,
,, ? ? 
,
,
?? 


3, ?1
 
,
,
 ?1
 
,
,
 11
  
 
  1   '       
?? 
?   1
??  1   1
?'  ?   1,?'

1   1,?'

?  ?,?' 
?   ?,?  
?   1,?'  ?   1,?   1       
  
 ?    ,  
      

 
      
  
      
  
 1    
  ,  ?,   ,15   


 ,1  ?,

 ,11  ?
   ,   
 '

5  ??
 ',,   ??
 ',,   ??
 ',
   ?1
 ',
   ?1
 ',
  ?  ?
    ?1
 '
    ?1
       1          1 ?   ,,   ?.
  .,  ?.
  ,,   ?.
  ,,?  
.,  ,,?   ?,  
,1  
?
  ,,    ?   3,    '   
3        
,       ,    ?    ,    ?  ' ,    1    ,    ?    ,    ?    ,    ?  ' ,    ?    ,    ?    ,    ?    ,    1

--- 5-bit raw values as ASCII ---
[00] [00] [00] [00] [00] [00] [00] [00] [00] [00] [00] [00] [00] [00] [00] [02] [02] [00] [00] [00] [00] [00] [00] [00] [00] [02] [02] [00] [00] [00] [00] [00] [00] [00] [00] [02] [02] [00] [00] [00] 
[00] [00] [00] [00] [00] [06] [02] [00] [00] [00] [00] [00] [00] [00] [00] [06] [02] [00] [00] [00] [02] [02] [00] [00] [00] [06] [02] [00] [00] [00] [00] [00] [00] [00] [00] [06] [02] [00] [00] [00] 
[00] [00] [00] [00] [00] [02] [00] [00] [00] [00] [00] [00] [00] [00] [00] [00] [00] [00] [00] [00] [00] [00] [00] [00] [00] [00] [00] [00] [00] [00] [00] [00] [01] [00] [00] [00] [00] [00] [00] [00] 
[00] [01] [01] [00] [02] [00] [00] [00] [00] [00] [00] [00] [01] [00] [00] [00] [00] [00] [00] [10] [00] [00] [01] [00] [02] [00] [00] [00] [00] [18] [00] [00] [01] [00] [02] [00] [00] [00] [08] [19] 
[00] [00] [01] [00] [00] [00] [00] [00] [00] [00] [00] [00] [01] [00] [00] [00] [00] [00] [00] [00] [00] [00] [00] [00] [00] [00] [00] [00] [00] [00] [00] [00] [00] [00] [00] [00] [00] [00] [00] [00] 
[00] [00] [00] [00] [00] [02] [06] [00] [00] [00] [00] [00] [00] [00] [00] [02] [06] [00] [00] [00] [00] [00] [00] [00] [00] [02] [02] [00] [00] [00] [00] [00] [00] [00] [00] [02] [06] [00] [00] [00] 
[00] [01] [00] [00] [00] [06] [06] [00] [00] [00] [00] [00] [00] [00] [00] [02] [06] [00] [08] [00] [00] [00] [00] [00] [00] [02] [06] [00] [00] [00] [00] [00] [00] [00] [00] [00] [00] [00] [00] [00] 
[00] [00] [00] [00] [00] [00] [02] [00] [00] [00] [00] [00] [00] [00] [00] [00] [00] [00] [00] [00] [00] [00] [00] [00] [00] [00] [00] [00] [00] [00] [00] [00] [00] [00] [00] [00] [00] [00] [00] [18] 
[00] [00] [00] [00] [02] [00] [00] [00] [00] [18] [00] [00] [00] [02] [02] [00] [00] [00] [00] [19] [00] [00] [00] [00] [02] [00] [00] [00] [00] [19] [00] [00] [00] [00] [02] [00] [00] [00] [08] [08] 
[00] [00] [00] [00] [00] [00] [00] [00] [00] [00] [00] [00] [00] [00] [00] [00] [00] [00] [00] [00] [00] [00] [00] [00] [00] [00] [00] [00] [00] [00] [00] [00] [00] [00] [00] [00] [00] [00] [00] [00] 
[00] [00] [00] [00] [00] [00] [02] [00] [00] [00] [00] [00] [00] [00] [00] [00] [02] [00] [00] [00] [00] [00] [00] [00] [00] [02] [02] [00] [00] [00] [00] [00] [00] [02] [00] [02] [02] [00] [00] [00] 
[02] [00] [00] [02] [00] [06] [02] [00] [00] [00] [00] [00] [00] [00] [00] [00] [02] [08] [08] [08] [00] [03] [02] [02] [02] [00] [06] [00] [00] [00] [00] [00] [02] [00] [02] [00] [06] [00] [00] [00] 
[00] [00] [00] [00] [00] [00] [06] [00] [00] [00] [00] [00] [00] [00] [00] [00] [02] [00] [00] [00] [00] [00] [01] [02] [00] [00] [00] [00] [00] [00] [00] [00] [01] [02] [00] [00] [00] [00] [18] [18] 
[00] [00] [01] [02] [00] [00] [00] [00] [18] [10] [00] [00] [01] [00] [00] [00] [00] [00] [00] [00] [00] [00] [01] [02] [00] [00] [00] [00] [18] [18] [02] [00] [01] [00] [02] [08] [00] [00] [08] [18] 
[02] [00] [01] [02] [02] [00] [00] [00] [10] [18] [02] [00] [01] [00] [00] [00] [00] [00] [00] [10] [00] [00] [01] [02] [00] [00] [00] [00] [00] [00] [00] [00] [00] [00] [00] [00] [00] [00] [00] [00] 
[00] [00] [00] [00] [00] [02] [06] [00] [00] [00] [00] [00] [00] [00] [00] [02] [06] [00] [00] [00] [00] [00] [00] [00] [00] [02] [06] [00] [00] [00] [00] [00] [00] [00] [00] [06] [06] [00] [00] [00] 
[00] [01] [00] [00] [00] [06] [06] [00] [00] [00] [03] [03] [00] [00] [00] [06] [06] [00] [00] [00] [02] [03] [00] [00] [00] [06] [06] [00] [00] [00] [00] [00] [00] [00] [00] [00] [02] [00] [00] [00] 
[00] [00] [00] [00] [00] [00] [06] [00] [00] [00] [00] [00] [00] [00] [00] [00] [02] [00] [00] [00] [00] [00] [01] [00] [00] [00] [00] [00] [00] [00] [00] [01] [01] [00] [00] [00] [00] [00] [00] [18] 
[00] [03] [03] [00] [02] [00] [00] [00] [00] [18] [00] [00] [03] [00] [02] [00] [00] [00] [00] [19] [00] [00] [01] [00] [02] [00] [00] [00] [00] [19] [00] [01] [03] [02] [0E] [00] [00] [00] [08] [19] 
[00] [03] [03] [00] [02] [00] [00] [00] [08] [19] [00] [03] [03] [00] [06] [00] [00] [00] [08] [18] [00] [00] [03] [00] [02] [00] [00] [00] [00] [18] [00] [00] [01] [00] [00] [00] [00] [00] [00] [18] 
[00] [00] [00] [00] [00] [00] [00] [00] [00] [00] [00] [00] [00] [00] [00] [02] [02] [00] [18] [00] [00] [00] [02] [02] [00] [02] [02] [00] [18] [00] [02] [00] [02] [06] [02] [06] [02] [00] [19] [00] 
[00] [00] [02] [06] [02] [06] [02] [00] [19] [10] [02] [00] [02] [06] [02] [02] [02] [0A] [19] [0A] [02] [00] [02] [06] [02] [06] [00] [00] [19] [18] [00] [00] [02] [0E] [00] [06] [00] [00] [19] [00] 
[00] [00] [02] [02] [00] [02] [00] [00] [18] [00] [00] [00] [00] [02] [00] [02] [00] [00] [18] [00] [02] [03] [01] [02] [02] [00] [00] [00] [00] [1B] [06] [03] [01] [02] [06] [19] [00] [00] [18] [19] 
[06] [03] [01] [02] [02] [18] [00] [00] [18] [18] [06] [03] [01] [02] [02] [19] [00] [00] [00] [19] [06] [03] [00] [00] [02] [19] [00] [00] [00] [18] [06] [03] [00] [00] [00] [19] [00] [00] [08] [18] 
[06] [03] [00] [00] [00] [19] [00] [00] [00] [18] [02] [01] [00] [00] [00] [18] [00] [00] [00] [00] [02] [01] [00] [00] [00] [18] [00] [00] [00] [00] [02] [00] [00] [00] [00] [00] [00] [00] [00] [00] 
[00] [00] [00] [00] [00] [02] [00] [00] [00] [00] [00] [00] [00] [06] [02] [02] [02] [00] [19] [08] [00] [00] [00] [06] [02] [00] [02] [00] [19] [18] [00] [00] [02] [06] [02] [00] [02] [00] [19] [19] 
[00] [00] [00] [06] [12] [00] [0E] [18] [19] [18] [00] [00] [0E] [06] [02] [00] [16] [19] [19] [19] [00] [03] [06] [02] [02] [00] [06] [19] [19] [18] [00] [03] [0E] [02] [02] [00] [06] [18] [19] [18] 
[00] [03] [02] [02] [00] [00] [0E] [18] [18] [00] [00] [01] [02] [00] [00] [00] [06] [00] [00] [00] [02] [01] [00] [00] [00] [01] [00] [00] [00] [00] [06] [00] [00] [00] [00] [18] [00] [00] [00] [00] 
[02] [00] [00] [00] [00] [18] [00] [00] [00] [00] [02] [00] [00] [00] [00] [19] [00] [00] [00] [00] [02] [00] [00] [00] [00] [18] [00] [00] [00] [00] [02] [00] [00] [00] [00] [18] [00] [00] [00] [00] 
[02] [00] [00] [00] [00] [10] [00] [00] [00] [00] [02] [00] [00] [00] [00] [00] [00] [00] [00] [00] [02] [00] [00] [00] [00] [00] [00] [00] [00] [00] [00] [00] [00] [00] [00] [00] [00] [00] [00] [00] 
[00] [00] [00] [00] [00] [00] [02] [00] [00] [00] [00] [00] [00] [02] [02] [00] [02] [00] [00] [00] [00] [00] [00] [00] [02] [00] [02] [00] [00] [00] [00] [00] [00] [00] [00] [00] [06] [00] [00] [08] 
[00] [00] [02] [02] [02] [00] [06] [00] [18] [18] [00] [00] [02] [02] [02] [00] [06] [08] [08] [08] [00] [00] [02] [00] [02] [00] [06] [00] [00] [00] [00] [01] [02] [00] [00] [02] [06] [00] [00] [00] 
[00] [03] [02] [00] [00] [02] [06] [00] [00] [00] [00] [01] [02] [00] [00] [06] [06] [00] [00] [00] [00] [00] [01] [00] [00] [00] [00] [00] [00] [00] [00] [00] [01] [00] [00] [00] [00] [00] [00] [10] 
[00] [01] [01] [00] [00] [00] [00] [00] [00] [18] [00] [01] [03] [02] [06] [00] [00] [00] [08] [19] [02] [01] [03] [00] [02] [00] [00] [00] [18] [19] [00] [01] [03] [02] [0E] [08] [00] [00] [09] [19] 
[00] [01] [03] [02] [02] [00] [00] [00] [18] [19] [00] [00] [03] [02] [02] [00] [00] [00] [10] [19] [00] [00] [01] [02] [06] [00] [00] [00] [19] [19] [00] [00] [01] [02] [02] [00] [00] [00] [00] [18] 
[00] [00] [02] [02] [00] [02] [06] [00] [19] [00] [00] [00] [00] [06] [00] [06] [06] [00] [19] [00] [00] [01] [00] [02] [00] [06] [06] [00] [18] [00] [03] [00] [02] [06] [00] [06] [06] [08] [19] [00] 
[03] [00] [02] [06] [02] [06] [06] [00] [19] [00] [03] [00] [02] [06] [02] [06] [02] [08] [19] [08] [03] [00] [02] [02] [02] [0E] [06] [00] [19] [18] [02] [00] [02] [06] [02] [06] [02] [00] [19] [18] 
[02] [00] [02] [06] [02] [06] [02] [00] [18] [18] [02] [00] [00] [02] [00] [02] [00] [00] [18] [00] [00] [00] [01] [00] [00] [00] [00] [00] [00] [00] [02] [03] [03] [00] [02] [19] [00] [00] [00] [18] 
[02] [03] [03] [00] [00] [18] [00] [00] [00] [18] [02] [03] [01] [00] [00] [19] [00] [00] [00] [18] [06] [03] [01] [02] [02] [18] [00] [00] [00] [18] [06] [03] [01] [02] [02] [19] [00] [00] [08] [19] 
[06] [03] [01] [00] [02] [19] [00] [00] [00] [19] [06] [03] [00] [00] [02] [19] [00] [00] [00] [18] [06] [03] [01] [00] [00] [19] [00] [00] [00] [18] [06] [03] [00] [00] [00] [18] [00] [00] [00] [00] 
[00] [00] [00] [02] [00] [00] [02] [00] [19] [00] [00] [00] [00] [06] [00] [00] [02] [00] [00] [00] [00] [00] [00] [02] [02] [00] [02] [00] [00] [00] [00] [00] [00] [02] [00] [00] [02] [00] [00] [00] 
[00] [00] [00] [02] [00] [00] [02] [00] [18] [00] [00] [00] [00] [02] [00] [00] [06] [00] [08] [08] [00] [03] [06] [00] [00] [00] [06] [18] [10] [00] [00] [00] [02] [02] [02] [00] [06] [18] [00] [08] 
[00] [03] [06] [02] [02] [00] [06] [18] [18] [00] [00] [03] [02] [00] [00] [00] [06] [00] [00] [00] [02] [00] [01] [02] [02] [10] [00] [00] [19] [19] [02] [00] [01] [06] [06] [00] [00] [00] [19] [19] 
[02] [00] [01] [06] [06] [00] [00] [00] [19] [19] [02] [00] [01] [06] [02] [00] [00] [00] [19] [18] [02] [00] [01] [06] [02] [00] [00] [00] [19] [18] [02] [00] [01] [06] [02] [08] [00] [00] [19] [08] 
[00] [00] [03] [02] [00] [00] [00] [00] [19] [18] [02] [00] [01] [02] [00] [00] [00] [00] [19] [18] [02] [00] [00] [00] [00] [00] [00] [00] [18] [00] [00] [00] [00] [00] [00] [00] [00] [00] [00] [18] 
[00] [03] [00] [00] [00] [06] [06] [00] [00] [00] [03] [07] [02] [00] [00] [07] [06] [08] [00] [00] [03] [07] [02] [00] [00] [06] [06] [00] [00] [00] [03] [07] [02] [00] [00] [06] [06] [19] [00] [00] 
[02] [07] [06] [00] [00] [06] [06] [19] [00] [00] [00] [03] [06] [00] [00] [02] [06] [18] [00] [00] [02] [03] [02] [00] [00] [06] [06] [00] [00] [00] [00] [03] [00] [00] [00] [0E] [06] [00] [00] [00] 
[00] [01] [00] [00] [00] [02] [0E] [00] [00] [00] [00] [00] [00] [00] [00] [02] [06] [00] [00] [00] [00] [00] [00] [00] [06] [00] [00] [00] [00] [19] [00] [00] [00] [00] [06] [00] [00] [00] [00] [19] 
[00] [00] [01] [00] [06] [00] [00] [00] [00] [18] [00] [00] [00] [00] [06] [00] [00] [00] [00] [19] [00] [00] [00] [00] [06] [00] [00] [00] [00] [19] [00] [00] [00] [00] [06] [00] [00] [00] [00] [19] 
[00] [00] [01] [00] [06] [00] [00] [00] [00] [19] [00] [00] [00] [00] [06] [00] [00] [00] [00] [19] [00] [00] [00] [00] [06] [00] [00] [00] [00] [19] [00] [00] [00] [00] [06] [00] [00] [00] [00] [18] 
