METHOD 4: 5-Track Baudot (cols0-4, content_all)
================================================================================

Columns used as tracks: cols0-4 = [0, 1, 2, 3, 4]
Each row = 1 Baudot/ITA2 frame (5 bits)
Total frames: 2000

--- RAW FRAMES (hex) ---
00 00 00 00 00 00 00 00 00 00 00 00 00 00 00 00 00 00 00 00 
00 00 00 00 00 00 00 00 00 00 00 00 00 00 00 00 00 00 00 00 
00 00 00 00 00 01 00 00 00 00 00 00 00 00 00 01 00 00 00 00 
08 08 00 00 00 01 00 00 00 00 08 00 00 00 00 01 00 00 00 00 
00 00 00 00 00 00 00 00 00 00 00 00 00 00 00 00 00 00 00 00 
00 00 00 00 00 00 00 00 00 00 00 00 00 00 00 00 00 00 00 00 
00 00 00 00 00 00 00 00 00 00 00 00 00 00 00 00 00 00 00 04 
00 08 08 00 00 00 00 00 00 0E 00 00 08 00 08 00 00 00 02 0E 
00 00 08 00 00 00 00 00 00 00 00 00 08 00 00 00 00 00 00 00 
00 00 00 00 00 00 00 00 00 00 00 00 00 00 00 00 00 00 00 00 
00 00 00 00 00 00 01 00 00 00 00 08 00 00 00 00 01 00 00 00 
08 08 00 00 00 00 00 00 00 00 00 00 00 00 00 00 01 00 00 00 
00 00 00 00 00 01 01 00 00 00 08 00 00 00 00 00 01 00 02 00 
08 00 00 00 00 00 01 00 00 00 00 00 00 00 00 00 00 00 00 00 
00 00 00 00 00 00 00 00 00 00 00 00 00 00 00 00 00 00 00 00 
00 00 00 00 00 00 00 00 00 00 00 00 00 00 00 00 00 00 00 06 
00 00 00 00 00 00 00 00 00 0E 00 00 00 00 00 00 00 00 00 0E 
00 00 00 00 00 00 00 00 00 1E 00 00 00 00 08 00 00 00 02 0A 
00 00 00 00 00 00 00 00 00 00 00 00 00 00 00 00 00 00 00 00 
00 00 00 00 00 00 00 00 00 00 00 00 00 00 00 00 00 00 00 00 
00 00 00 00 00 00 00 00 00 00 00 00 00 00 00 00 00 00 00 00 
00 00 00 00 00 00 00 00 00 00 00 00 00 00 00 00 00 00 00 00 
08 00 00 00 00 01 00 00 00 08 00 00 00 00 00 00 00 02 02 0A 
00 00 00 00 00 00 01 00 00 08 00 00 00 00 00 00 01 00 00 00 
00 08 00 00 00 00 01 00 00 00 00 00 00 00 00 00 00 00 00 00 
00 00 00 00 00 00 00 00 00 00 00 00 00 00 00 00 00 00 06 0E 
00 00 00 00 00 00 00 00 06 04 00 00 00 00 00 00 00 00 00 00 
00 00 00 00 00 00 00 00 06 0E 00 00 00 08 08 0A 00 00 02 0E 
00 00 00 00 00 00 00 00 04 0E 00 00 00 00 00 00 00 00 00 04 
00 00 00 00 00 00 00 00 00 00 00 00 00 00 00 00 00 00 00 00 
00 00 00 00 00 00 01 00 00 00 00 08 00 00 00 00 01 00 00 00 
08 08 00 00 00 00 01 00 00 08 00 08 00 00 00 01 01 00 00 00 
08 08 00 00 00 01 01 00 00 00 18 08 00 00 00 19 11 00 00 00 
08 08 00 00 00 01 01 00 00 00 00 00 00 00 00 00 00 00 00 00 
00 00 00 00 00 00 01 00 00 00 00 00 00 00 00 00 00 00 00 00 
00 00 00 00 00 00 00 00 00 00 00 08 08 00 00 00 00 00 00 06 
00 08 18 00 00 00 00 00 00 0E 00 08 18 00 00 00 00 00 00 1E 
00 00 08 00 00 00 00 00 00 1E 00 08 08 08 0B 00 00 00 02 1E 
00 08 18 00 00 00 00 00 02 0E 00 18 18 00 01 00 00 00 02 1E 
00 08 08 00 00 00 00 00 00 0E 00 00 08 00 00 00 00 00 00 06 
00 00 00 00 00 00 00 00 00 00 00 00 00 00 00 00 00 00 06 00 
00 00 00 10 00 00 00 00 0E 00 08 00 10 19 00 01 00 00 0E 08 
08 00 00 19 00 01 00 08 1E 0C 08 00 08 19 08 00 00 02 0E 0A 
08 00 00 19 00 01 00 00 0E 0E 08 00 00 13 00 01 00 00 0E 00 
00 00 00 00 00 00 00 00 06 00 00 00 00 00 00 00 00 00 06 00 
00 00 00 00 18 08 00 00 00 1E 19 18 08 00 11 1E 00 00 06 1E 
19 18 08 00 18 1E 00 00 06 1E 19 18 00 00 00 1E 00 00 00 0E 
19 18 00 00 00 1E 00 00 00 0E 19 18 00 00 08 1E 00 00 02 0E 
19 18 00 00 00 1E 00 00 00 0E 18 08 00 00 00 0E 00 00 00 00 
10 08 00 00 00 0E 00 00 00 00 00 08 00 00 00 08 00 00 00 00 
00 00 00 00 00 00 00 00 00 00 00 00 00 01 00 00 00 00 06 02 
00 00 00 11 00 00 00 00 0E 0E 00 00 00 19 00 00 00 00 0E 1E 
00 00 00 19 14 00 03 06 0E 0E 00 08 0B 09 08 00 05 0E 0E 1E 
00 18 19 10 10 00 01 0E 0E 1E 00 18 1B 18 00 00 01 0E 0E 0E 
00 08 18 00 00 00 03 0E 06 08 00 08 00 00 00 00 01 00 00 00 
00 00 00 00 00 08 00 00 00 00 11 00 00 00 00 0E 00 00 00 00 
00 00 00 00 00 0E 00 00 00 00 00 00 00 00 00 1E 00 00 00 00 
10 00 00 00 00 0E 00 00 00 00 08 00 00 00 00 1E 00 00 00 00 
00 00 00 00 00 0C 00 00 00 00 00 00 00 00 00 08 00 00 00 00 
00 00 00 00 00 00 00 00 00 00 00 00 00 00 00 00 00 00 00 00 
00 00 00 00 00 00 00 00 00 00 00 00 00 00 00 00 00 00 00 08 
00 00 00 00 00 00 00 00 00 08 00 00 00 00 00 00 01 00 00 0A 
00 00 00 00 00 00 01 00 0E 1E 00 00 08 00 08 00 01 02 02 0A 
00 08 00 00 00 00 01 00 00 08 00 00 00 00 00 00 01 08 00 00 
00 08 00 00 00 00 11 00 00 00 00 08 00 00 00 01 01 00 00 00 
00 00 00 00 00 00 00 00 00 00 00 00 00 00 00 00 00 00 00 04 
00 00 08 00 00 00 00 00 00 0E 00 08 08 00 01 00 00 00 02 1E 
00 08 18 00 10 08 00 00 06 1E 00 08 18 08 0B 02 00 00 02 1E 
00 08 18 00 18 00 00 00 0E 1E 00 00 08 00 18 00 00 00 04 1E 
00 00 08 18 19 00 00 00 0E 1E 00 00 08 18 10 00 00 00 00 0E 
00 00 10 10 00 00 01 08 0E 00 00 00 00 01 00 01 01 00 0E 00 
08 00 00 00 00 19 01 00 0E 00 08 08 00 19 00 19 09 0A 0E 08 
18 00 00 19 00 19 01 00 1E 08 18 00 08 09 08 19 00 02 0E 0A 
18 00 00 18 00 1B 01 00 0E 0E 18 00 00 19 00 11 00 00 1E 0E 
08 00 00 19 00 01 00 00 0E 0E 00 00 00 00 00 00 00 00 06 08 
00 00 00 00 00 00 00 00 00 00 00 08 08 00 00 0E 00 00 00 0E 
18 18 18 00 00 0E 00 00 00 0E 00 18 08 00 00 1E 00 00 00 0E 
19 18 00 00 00 1E 00 00 00 0E 19 18 00 08 08 1E 00 00 02 0E 
19 18 00 00 00 1E 00 00 00 0E 19 18 00 00 00 1E 00 00 00 0E 
19 18 00 00 00 1E 00 00 00 0E 19 18 00 00 00 1E 00 00 00 00 
00 00 00 10 00 00 00 00 0E 08 00 00 00 19 00 00 00 00 00 08 
00 00 00 00 00 00 00 00 00 00 00 00 00 00 00 00 00 00 00 00 
00 00 00 00 00 00 00 00 06 00 00 00 00 08 00 00 01 00 02 02 
00 18 19 00 00 00 01 0E 04 00 00 18 18 00 00 00 01 0E 00 0A 
00 08 19 00 00 00 01 0E 06 00 00 08 00 00 00 00 01 00 00 00 
00 00 00 00 00 0C 00 00 06 0E 00 00 00 19 01 08 00 00 1E 1E 
00 00 08 19 19 08 00 00 1E 1E 00 00 08 19 10 08 00 00 1E 1E 
00 00 08 19 00 00 00 00 1E 0E 08 00 08 19 08 02 00 00 1E 0A 
00 00 08 18 00 00 00 00 0E 0E 00 00 00 10 00 08 00 00 0E 0E 
00 00 00 00 00 00 00 00 06 00 00 00 00 00 00 00 00 00 00 06 
10 18 00 00 00 01 19 00 00 00 18 19 00 00 00 19 19 0A 00 00 
18 19 00 00 00 19 19 08 00 00 18 19 10 00 00 19 19 0E 00 00 
08 19 19 00 00 01 19 1E 00 00 08 18 19 00 00 00 19 1E 00 00 
08 18 18 00 00 01 19 08 00 00 08 18 00 00 00 03 19 00 00 00 
00 08 00 00 00 00 03 00 00 00 00 08 00 00 00 00 01 00 00 00 
00 00 00 00 19 00 00 00 00 1E 00 00 00 00 19 00 00 00 00 1E 
00 00 00 00 19 00 00 00 00 1E 00 00 00 00 19 00 00 00 00 1E 
00 00 00 00 09 00 00 00 00 1E 00 00 00 00 09 00 00 00 00 1E 
00 00 00 00 19 00 00 00 00 1E 00 00 00 00 19 00 00 00 00 1E 
00 00 00 00 19 00 00 00 00 1E 00 00 00 00 19 00 00 00 00 1E 

--- BAUDOT DECODE ---

                                             T         T       T        T                                                                       C      
C                                            T        T                 T        TT        T 
      T                                                    N         C         C         K       
R                                                                                    T          

R      T        T        T                               NC        N                   NC   R  
C         C                                    T        T       T      TT      TT   A   WZ      TT                   T                              N A      C A      K        K G   
K A     
C AA T   
K       C        N                  N    E    C  EW T  C  W T KI W  
CR  W T  CC  B T  C         N         N     A   KWA ZK  NKWA AK  NKWA   K   CWA   K   CWA  K  
CWA   K   CA   C    E   C                         T    N
   Z    CC   W    CK   WS ONCC GL HCCK AWEE TCCK A[FIGS]1  '333 1   ?3,     '            "    3         3         +    5    3        +         9                                                                   '  =      ' 3+    '

=     '        '       "       ''                               3  '   
+ 1 5  ,+ 17
  
+ 1 1   3+   1    +  1?   3+  15    3  55  '3    ' '' 3     ?' 3  ? ?-=31  ? ?' +1 -? 
3=1  1 [FIGS]' 331  ? "  +3  ? '  33        ,             3   3111  3   3 1  +   3?1   +   3?1 +  
3?1   +   3?1   +   3?1   +   3?1   +       5    3   ?                                 ,      ' 

 1?   '3   11   '3 = ?   '3,      '        9  ,3   ?'  ++  ??  ++  ?5  ++  ?    +3 ?
  +=  1    33   5   33        ,          ,51   '?   1?   ??=  1?   ??  1?5  ??3  ??  '?+  1?   ?+  11  '?  1   ??        ?        '       ?    +    ?    +    ?    +    ?    +    -    +    -    +    ?    +    ?    +    ?    +    ?    +

--- 5-bit raw values as ASCII ---
[00] [00] [00] [00] [00] [00] [00] [00] [00] [00] [00] [00] [00] [00] [00] [00] [00] [00] [00] [00] [00] [00] [00] [00] [00] [00] [00] [00] [00] [00] [00] [00] [00] [00] [00] [00] [00] [00] [00] [00] 
[00] [00] [00] [00] [00] [01] [00] [00] [00] [00] [00] [00] [00] [00] [00] [01] [00] [00] [00] [00] [08] [08] [00] [00] [00] [01] [00] [00] [00] [00] [08] [00] [00] [00] [00] [01] [00] [00] [00] [00] 
[00] [00] [00] [00] [00] [00] [00] [00] [00] [00] [00] [00] [00] [00] [00] [00] [00] [00] [00] [00] [00] [00] [00] [00] [00] [00] [00] [00] [00] [00] [00] [00] [00] [00] [00] [00] [00] [00] [00] [00] 
[00] [00] [00] [00] [00] [00] [00] [00] [00] [00] [00] [00] [00] [00] [00] [00] [00] [00] [00] [04] [00] [08] [08] [00] [00] [00] [00] [00] [00] [0E] [00] [00] [08] [00] [08] [00] [00] [00] [02] [0E] 
[00] [00] [08] [00] [00] [00] [00] [00] [00] [00] [00] [00] [08] [00] [00] [00] [00] [00] [00] [00] [00] [00] [00] [00] [00] [00] [00] [00] [00] [00] [00] [00] [00] [00] [00] [00] [00] [00] [00] [00] 
[00] [00] [00] [00] [00] [00] [01] [00] [00] [00] [00] [08] [00] [00] [00] [00] [01] [00] [00] [00] [08] [08] [00] [00] [00] [00] [00] [00] [00] [00] [00] [00] [00] [00] [00] [00] [01] [00] [00] [00] 
[00] [00] [00] [00] [00] [01] [01] [00] [00] [00] [08] [00] [00] [00] [00] [00] [01] [00] [02] [00] [08] [00] [00] [00] [00] [00] [01] [00] [00] [00] [00] [00] [00] [00] [00] [00] [00] [00] [00] [00] 
[00] [00] [00] [00] [00] [00] [00] [00] [00] [00] [00] [00] [00] [00] [00] [00] [00] [00] [00] [00] [00] [00] [00] [00] [00] [00] [00] [00] [00] [00] [00] [00] [00] [00] [00] [00] [00] [00] [00] [06] 
[00] [00] [00] [00] [00] [00] [00] [00] [00] [0E] [00] [00] [00] [00] [00] [00] [00] [00] [00] [0E] [00] [00] [00] [00] [00] [00] [00] [00] [00] [1E] [00] [00] [00] [00] [08] [00] [00] [00] [02] [0A] 
[00] [00] [00] [00] [00] [00] [00] [00] [00] [00] [00] [00] [00] [00] [00] [00] [00] [00] [00] [00] [00] [00] [00] [00] [00] [00] [00] [00] [00] [00] [00] [00] [00] [00] [00] [00] [00] [00] [00] [00] 
[00] [00] [00] [00] [00] [00] [00] [00] [00] [00] [00] [00] [00] [00] [00] [00] [00] [00] [00] [00] [00] [00] [00] [00] [00] [00] [00] [00] [00] [00] [00] [00] [00] [00] [00] [00] [00] [00] [00] [00] 
[08] [00] [00] [00] [00] [01] [00] [00] [00] [08] [00] [00] [00] [00] [00] [00] [00] [02] [02] [0A] [00] [00] [00] [00] [00] [00] [01] [00] [00] [08] [00] [00] [00] [00] [00] [00] [01] [00] [00] [00] 
[00] [08] [00] [00] [00] [00] [01] [00] [00] [00] [00] [00] [00] [00] [00] [00] [00] [00] [00] [00] [00] [00] [00] [00] [00] [00] [00] [00] [00] [00] [00] [00] [00] [00] [00] [00] [00] [00] [06] [0E] 
[00] [00] [00] [00] [00] [00] [00] [00] [06] [04] [00] [00] [00] [00] [00] [00] [00] [00] [00] [00] [00] [00] [00] [00] [00] [00] [00] [00] [06] [0E] [00] [00] [00] [08] [08] [0A] [00] [00] [02] [0E] 
[00] [00] [00] [00] [00] [00] [00] [00] [04] [0E] [00] [00] [00] [00] [00] [00] [00] [00] [00] [04] [00] [00] [00] [00] [00] [00] [00] [00] [00] [00] [00] [00] [00] [00] [00] [00] [00] [00] [00] [00] 
[00] [00] [00] [00] [00] [00] [01] [00] [00] [00] [00] [08] [00] [00] [00] [00] [01] [00] [00] [00] [08] [08] [00] [00] [00] [00] [01] [00] [00] [08] [00] [08] [00] [00] [00] [01] [01] [00] [00] [00] 
[08] [08] [00] [00] [00] [01] [01] [00] [00] [00] [18] [08] [00] [00] [00] [19] [11] [00] [00] [00] [08] [08] [00] [00] [00] [01] [01] [00] [00] [00] [00] [00] [00] [00] [00] [00] [00] [00] [00] [00] 
[00] [00] [00] [00] [00] [00] [01] [00] [00] [00] [00] [00] [00] [00] [00] [00] [00] [00] [00] [00] [00] [00] [00] [00] [00] [00] [00] [00] [00] [00] [00] [08] [08] [00] [00] [00] [00] [00] [00] [06] 
[00] [08] [18] [00] [00] [00] [00] [00] [00] [0E] [00] [08] [18] [00] [00] [00] [00] [00] [00] [1E] [00] [00] [08] [00] [00] [00] [00] [00] [00] [1E] [00] [08] [08] [08] [0B] [00] [00] [00] [02] [1E] 
[00] [08] [18] [00] [00] [00] [00] [00] [02] [0E] [00] [18] [18] [00] [01] [00] [00] [00] [02] [1E] [00] [08] [08] [00] [00] [00] [00] [00] [00] [0E] [00] [00] [08] [00] [00] [00] [00] [00] [00] [06] 
[00] [00] [00] [00] [00] [00] [00] [00] [00] [00] [00] [00] [00] [00] [00] [00] [00] [00] [06] [00] [00] [00] [00] [10] [00] [00] [00] [00] [0E] [00] [08] [00] [10] [19] [00] [01] [00] [00] [0E] [08] 
[08] [00] [00] [19] [00] [01] [00] [08] [1E] [0C] [08] [00] [08] [19] [08] [00] [00] [02] [0E] [0A] [08] [00] [00] [19] [00] [01] [00] [00] [0E] [0E] [08] [00] [00] [13] [00] [01] [00] [00] [0E] [00] 
[00] [00] [00] [00] [00] [00] [00] [00] [06] [00] [00] [00] [00] [00] [00] [00] [00] [00] [06] [00] [00] [00] [00] [00] [18] [08] [00] [00] [00] [1E] [19] [18] [08] [00] [11] [1E] [00] [00] [06] [1E] 
[19] [18] [08] [00] [18] [1E] [00] [00] [06] [1E] [19] [18] [00] [00] [00] [1E] [00] [00] [00] [0E] [19] [18] [00] [00] [00] [1E] [00] [00] [00] [0E] [19] [18] [00] [00] [08] [1E] [00] [00] [02] [0E] 
[19] [18] [00] [00] [00] [1E] [00] [00] [00] [0E] [18] [08] [00] [00] [00] [0E] [00] [00] [00] [00] [10] [08] [00] [00] [00] [0E] [00] [00] [00] [00] [00] [08] [00] [00] [00] [08] [00] [00] [00] [00] 
[00] [00] [00] [00] [00] [00] [00] [00] [00] [00] [00] [00] [00] [01] [00] [00] [00] [00] [06] [02] [00] [00] [00] [11] [00] [00] [00] [00] [0E] [0E] [00] [00] [00] [19] [00] [00] [00] [00] [0E] [1E] 
[00] [00] [00] [19] [14] [00] [03] [06] [0E] [0E] [00] [08] [0B] [09] [08] [00] [05] [0E] [0E] [1E] [00] [18] [19] [10] [10] [00] [01] [0E] [0E] [1E] [00] [18] [1B] [18] [00] [00] [01] [0E] [0E] [0E] 
[00] [08] [18] [00] [00] [00] [03] [0E] [06] [08] [00] [08] [00] [00] [00] [00] [01] [00] [00] [00] [00] [00] [00] [00] [00] [08] [00] [00] [00] [00] [11] [00] [00] [00] [00] [0E] [00] [00] [00] [00] 
[00] [00] [00] [00] [00] [0E] [00] [00] [00] [00] [00] [00] [00] [00] [00] [1E] [00] [00] [00] [00] [10] [00] [00] [00] [00] [0E] [00] [00] [00] [00] [08] [00] [00] [00] [00] [1E] [00] [00] [00] [00] 
[00] [00] [00] [00] [00] [0C] [00] [00] [00] [00] [00] [00] [00] [00] [00] [08] [00] [00] [00] [00] [00] [00] [00] [00] [00] [00] [00] [00] [00] [00] [00] [00] [00] [00] [00] [00] [00] [00] [00] [00] 
[00] [00] [00] [00] [00] [00] [00] [00] [00] [00] [00] [00] [00] [00] [00] [00] [00] [00] [00] [08] [00] [00] [00] [00] [00] [00] [00] [00] [00] [08] [00] [00] [00] [00] [00] [00] [01] [00] [00] [0A] 
[00] [00] [00] [00] [00] [00] [01] [00] [0E] [1E] [00] [00] [08] [00] [08] [00] [01] [02] [02] [0A] [00] [08] [00] [00] [00] [00] [01] [00] [00] [08] [00] [00] [00] [00] [00] [00] [01] [08] [00] [00] 
[00] [08] [00] [00] [00] [00] [11] [00] [00] [00] [00] [08] [00] [00] [00] [01] [01] [00] [00] [00] [00] [00] [00] [00] [00] [00] [00] [00] [00] [00] [00] [00] [00] [00] [00] [00] [00] [00] [00] [04] 
[00] [00] [08] [00] [00] [00] [00] [00] [00] [0E] [00] [08] [08] [00] [01] [00] [00] [00] [02] [1E] [00] [08] [18] [00] [10] [08] [00] [00] [06] [1E] [00] [08] [18] [08] [0B] [02] [00] [00] [02] [1E] 
[00] [08] [18] [00] [18] [00] [00] [00] [0E] [1E] [00] [00] [08] [00] [18] [00] [00] [00] [04] [1E] [00] [00] [08] [18] [19] [00] [00] [00] [0E] [1E] [00] [00] [08] [18] [10] [00] [00] [00] [00] [0E] 
[00] [00] [10] [10] [00] [00] [01] [08] [0E] [00] [00] [00] [00] [01] [00] [01] [01] [00] [0E] [00] [08] [00] [00] [00] [00] [19] [01] [00] [0E] [00] [08] [08] [00] [19] [00] [19] [09] [0A] [0E] [08] 
[18] [00] [00] [19] [00] [19] [01] [00] [1E] [08] [18] [00] [08] [09] [08] [19] [00] [02] [0E] [0A] [18] [00] [00] [18] [00] [1B] [01] [00] [0E] [0E] [18] [00] [00] [19] [00] [11] [00] [00] [1E] [0E] 
[08] [00] [00] [19] [00] [01] [00] [00] [0E] [0E] [00] [00] [00] [00] [00] [00] [00] [00] [06] [08] [00] [00] [00] [00] [00] [00] [00] [00] [00] [00] [00] [08] [08] [00] [00] [0E] [00] [00] [00] [0E] 
[18] [18] [18] [00] [00] [0E] [00] [00] [00] [0E] [00] [18] [08] [00] [00] [1E] [00] [00] [00] [0E] [19] [18] [00] [00] [00] [1E] [00] [00] [00] [0E] [19] [18] [00] [08] [08] [1E] [00] [00] [02] [0E] 
[19] [18] [00] [00] [00] [1E] [00] [00] [00] [0E] [19] [18] [00] [00] [00] [1E] [00] [00] [00] [0E] [19] [18] [00] [00] [00] [1E] [00] [00] [00] [0E] [19] [18] [00] [00] [00] [1E] [00] [00] [00] [00] 
[00] [00] [00] [10] [00] [00] [00] [00] [0E] [08] [00] [00] [00] [19] [00] [00] [00] [00] [00] [08] [00] [00] [00] [00] [00] [00] [00] [00] [00] [00] [00] [00] [00] [00] [00] [00] [00] [00] [00] [00] 
[00] [00] [00] [00] [00] [00] [00] [00] [06] [00] [00] [00] [00] [08] [00] [00] [01] [00] [02] [02] [00] [18] [19] [00] [00] [00] [01] [0E] [04] [00] [00] [18] [18] [00] [00] [00] [01] [0E] [00] [0A] 
[00] [08] [19] [00] [00] [00] [01] [0E] [06] [00] [00] [08] [00] [00] [00] [00] [01] [00] [00] [00] [00] [00] [00] [00] [00] [0C] [00] [00] [06] [0E] [00] [00] [00] [19] [01] [08] [00] [00] [1E] [1E] 
[00] [00] [08] [19] [19] [08] [00] [00] [1E] [1E] [00] [00] [08] [19] [10] [08] [00] [00] [1E] [1E] [00] [00] [08] [19] [00] [00] [00] [00] [1E] [0E] [08] [00] [08] [19] [08] [02] [00] [00] [1E] [0A] 
[00] [00] [08] [18] [00] [00] [00] [00] [0E] [0E] [00] [00] [00] [10] [00] [08] [00] [00] [0E] [0E] [00] [00] [00] [00] [00] [00] [00] [00] [06] [00] [00] [00] [00] [00] [00] [00] [00] [00] [00] [06] 
[10] [18] [00] [00] [00] [01] [19] [00] [00] [00] [18] [19] [00] [00] [00] [19] [19] [0A] [00] [00] [18] [19] [00] [00] [00] [19] [19] [08] [00] [00] [18] [19] [10] [00] [00] [19] [19] [0E] [00] [00] 
[08] [19] [19] [00] [00] [01] [19] [1E] [00] [00] [08] [18] [19] [00] [00] [00] [19] [1E] [00] [00] [08] [18] [18] [00] [00] [01] [19] [08] [00] [00] [08] [18] [00] [00] [00] [03] [19] [00] [00] [00] 
[00] [08] [00] [00] [00] [00] [03] [00] [00] [00] [00] [08] [00] [00] [00] [00] [01] [00] [00] [00] [00] [00] [00] [00] [19] [00] [00] [00] [00] [1E] [00] [00] [00] [00] [19] [00] [00] [00] [00] [1E] 
[00] [00] [00] [00] [19] [00] [00] [00] [00] [1E] [00] [00] [00] [00] [19] [00] [00] [00] [00] [1E] [00] [00] [00] [00] [09] [00] [00] [00] [00] [1E] [00] [00] [00] [00] [09] [00] [00] [00] [00] [1E] 
[00] [00] [00] [00] [19] [00] [00] [00] [00] [1E] [00] [00] [00] [00] [19] [00] [00] [00] [00] [1E] [00] [00] [00] [00] [19] [00] [00] [00] [00] [1E] [00] [00] [00] [00] [19] [00] [00] [00] [00] [1E] 
