================================================================================
METHOD 13: IBM 7-Track (odd_parity, background_ERROR)
================================================================================

Column 7 = parity track, remaining 6 columns = BCD data.
6-bit frames (0-63 range).

Total frames: 2000
Printable ASCII: 0 (0.0%)
Alpha letters: 0 (0.0%)
Unique byte values: 0


--------------------------------------------------------------------------------
RAW FRAMES (hex)
--------------------------------------------------------------------------------

0000: 18 18 19 19 19 19 19 06 06 06 18 18 19 19 19 19   ................
0010: 19 06 06 06 18 18 19 19 19 19 19 06 06 06 18 18   ................
0020: 19 19 19 19 19 06 06 06 18 18 19 19 19 19 19 06   ................
0030: 06 06 18 18 19 19 19 19 19 06 06 06 18 18 19 19   ................
0040: 19 19 19 06 06 06 18 18 19 19 19 19 19 06 06 06   ................
0050: 18 18 19 19 19 19 19 06 06 06 18 18 19 19 19 19   ................
0060: 19 06 06 06 19 18 18 19 19 06 7F 7F 06 06 19 18   ................
0070: 18 19 19 06 7F 7F 06 06 19 18 18 19 19 06 7F 7F   ................
0080: 06 06 19 18 18 19 19 06 7F 7F 06 06 19 18 18 19   ................
0090: 19 06 7F 7F 06 06 19 18 18 19 19 06 7F 7F 06 06   ................
00A0: 19 18 18 19 19 06 7F 7F 06 06 19 18 18 19 19 06   ................
00B0: 7F 7F 06 06 19 18 18 19 19 06 7F 7F 06 06 19 18   ................
00C0: 18 19 19 06 7F 7F 06 06 18 18 19 19 19 19 19 06   ................
00D0: 06 06 18 18 19 19 19 19 19 06 06 06 18 18 19 19   ................
00E0: 19 19 19 06 06 06 18 18 19 19 19 19 19 06 06 06   ................
00F0: 18 18 19 19 19 19 19 06 06 06 18 18 19 19 19 19   ................
0100: 19 06 06 06 18 18 19 19 19 19 19 06 06 06 19 19   ................
0110: 19 19 19 01 01 07 07 06 18 18 19 19 19 19 19 06   ................
0120: 06 06 18 18 19 19 19 19 19 06 06 06 19 18 18 19   ................
0130: 19 06 7F 7F 06 06 19 18 18 19 19 06 7F 7F 06 06   ................
0140: 19 18 18 19 19 06 7F 7F 06 06 19 18 18 19 19 06   ................
0150: 7F 7F 06 06 19 18 18 19 19 06 7F 7F 06 06 19 18   ................
0160: 18 19 19 06 7F 7F 06 06 19 18 18 19 19 06 7F 7F   ................
0170: 06 06 19 19 19 19 19 06 07 07 1E 1E 19 00 00 19   ................
0180: 19 06 7F 7F 06 06 19 18 18 19 19 06 7F 7F 06 06   ................
0190: 18 18 19 19 19 19 19 06 06 06 18 18 19 19 19 19   ................
01A0: 19 06 06 06 18 18 19 19 19 19 19 06 06 06 18 18   ................
01B0: 19 19 19 19 19 06 06 06 18 18 19 19 19 19 19 06   ................
01C0: 06 06 18 18 19 19 19 19 19 06 06 06 18 18 19 19   ................
01D0: 19 19 19 06 06 06 18 18 19 19 19 19 19 06 06 06   ................
01E0: 18 18 19 19 19 19 19 06 06 06 18 18 19 19 19 19   ................
01F0: 19 06 06 06 19 18 18 19 19 06 7F 7F 06 06 19 18   ................
0200: 18 19 19 06 7F 7F 06 06 19 18 18 19 19 06 7F 7F   ................
0210: 06 06 19 18 18 19 19 06 7F 7F 06 06 19 18 18 19   ................
0220: 19 06 7F 7F 06 06 19 18 18 19 19 06 7F 7F 06 06   ................
0230: 19 18 18 19 19 06 7F 7F 06 06 19 18 18 19 19 06   ................
0240: 7F 7F 06 06 19 18 18 19 19 06 7F 7F 06 06 19 18   ................
0250: 18 19 19 06 7F 7F 06 06 18 18 19 19 19 19 19 06   ................
0260: 06 06 18 18 19 19 19 19 19 06 06 06 18 18 19 19   ................
0270: 19 19 19 06 06 06 18 18 19 19 19 19 19 06 06 06   ................
0280: 18 18 19 19 19 19 19 06 06 06 18 18 19 19 19 19   ................
0290: 19 06 06 06 18 18 19 19 19 19 19 06 06 06 18 18   ................
02A0: 19 19 19 19 19 06 06 06 18 18 19 19 19 19 19 06   ................
02B0: 06 06 18 18 19 19 19 19 19 06 06 06 19 18 18 19   ................
02C0: 19 06 7F 7F 06 06 19 18 18 19 19 06 7F 7F 06 06   ................
02D0: 19 18 18 19 19 06 7F 7F 06 06 19 18 18 19 19 06   ................
02E0: 7F 7F 06 06 19 18 18 19 19 06 7F 7F 06 06 19 18   ................
02F0: 18 19 19 06 7F 7F 06 06 19 18 18 19 19 06 7F 7F   ................
0300: 06 06 19 18 18 19 19 06 7F 7F 06 06 19 18 18 19   ................
0310: 19 06 7F 7F 06 06 19 18 18 19 19 06 7F 7F 06 06   ................
0320: 18 18 19 19 19 19 19 06 06 06 18 18 19 19 19 19   ................
0330: 19 06 06 06 18 18 19 19 19 19 19 06 06 06 18 18   ................
0340: 19 19 19 19 19 06 06 06 18 18 19 19 19 19 19 06   ................
0350: 06 06 18 18 19 19 19 19 19 06 06 06 18 18 19 19   ................
0360: 19 19 19 06 06 06 18 18 19 19 19 19 19 06 06 06   ................
0370: 18 18 19 19 19 19 19 06 06 06 18 18 19 19 19 19   ................
0380: 19 06 06 06 19 18 18 19 19 06 7F 7F 06 06 19 18   ................
0390: 18 19 19 06 7F 7F 06 06 19 18 18 19 19 06 7F 7F   ................
03A0: 06 06 19 18 18 19 19 06 7F 7F 06 06 19 18 18 19   ................
03B0: 19 06 7F 7F 06 06 19 18 18 19 19 06 7F 7F 06 06   ................
03C0: 19 18 18 19 19 06 7F 7F 06 06 19 18 18 19 19 06   ................
03D0: 7F 7F 06 06 19 18 18 19 19 06 7F 7F 06 06 19 18   ................
03E0: 18 19 19 06 7F 7F 06 06 18 18 19 19 19 19 19 06   ................
03F0: 06 06 18 18 19 19 19 19 19 06 06 06 18 18 19 19   ................
0400: 19 19 19 06 06 06 18 18 19 19 19 19 19 06 06 06   ................
0410: 18 18 19 19 19 19 19 06 06 06 18 18 19 19 19 19   ................
0420: 19 06 06 06 18 18 19 19 19 19 19 06 06 06 18 18   ................
0430: 19 19 19 19 19 06 06 06 18 18 19 19 19 19 19 06   ................
0440: 06 06 18 18 19 19 19 19 19 06 06 06 19 18 18 19   ................
0450: 19 06 7F 7F 06 06 19 18 18 19 19 06 7F 7F 06 06   ................
0460: 19 18 18 19 19 06 7F 7F 06 06 19 18 18 19 19 06   ................
0470: 7F 7F 06 06 19 18 18 19 19 06 7F 7F 06 06 19 18   ................
0480: 18 19 19 06 7F 7F 06 06 19 18 18 19 19 06 7F 7F   ................
0490: 06 06 19 18 18 19 19 06 7F 7F 06 06 19 18 18 19   ................
04A0: 19 06 7F 7F 06 06 19 18 18 19 19 06 7F 7F 06 06   ................
04B0: 18 18 19 19 19 19 19 06 06 06 18 18 19 19 19 19   ................
04C0: 19 06 06 06 18 18 19 19 19 19 19 06 06 06 18 18   ................
04D0: 19 19 19 19 19 06 06 06 18 18 19 19 19 19 19 06   ................
04E0: 06 06 18 18 19 19 19 19 19 06 06 06 18 18 19 19   ................
04F0: 19 19 19 06 06 06 18 18 19 19 19 19 19 06 06 06   ................
0500: 18 18 19 19 19 19 19 06 06 06 18 18 19 19 19 19   ................
0510: 19 06 06 06 19 18 18 19 19 06 7F 7F 06 06 19 18   ................
0520: 18 19 19 06 7F 7F 06 06 19 18 18 19 19 06 7F 7F   ................
0530: 06 06 19 18 18 19 19 06 7F 7F 06 06 19 18 18 19   ................
0540: 19 06 7F 7F 06 06 19 18 18 19 19 06 7F 7F 06 06   ................
0550: 19 18 18 19 19 06 7F 7F 06 06 19 18 18 19 19 06   ................
0560: 7F 7F 06 06 19 18 18 19 19 06 7F 7F 06 06 19 18   ................
0570: 18 19 19 06 7F 7F 06 06 18 18 19 19 19 19 19 06   ................
0580: 06 06 18 18 19 19 19 19 19 06 06 06 18 18 19 19   ................
0590: 19 19 19 06 06 06 18 18 19 19 19 19 19 06 06 06   ................
05A0: 18 18 19 19 19 19 19 06 06 06 18 18 19 19 19 19   ................
05B0: 19 06 06 06 18 18 19 19 19 19 19 06 06 06 18 18   ................
05C0: 19 19 19 19 19 06 06 06 18 18 19 19 19 19 19 06   ................
05D0: 06 06 18 18 19 19 19 19 19 06 06 06 19 18 18 19   ................
05E0: 19 06 7F 7F 06 06 19 18 18 19 19 06 7F 7F 06 06   ................
05F0: 19 18 18 19 19 06 7F 7F 06 06 19 18 18 19 19 06   ................
0600: 7F 7F 06 06 19 18 18 19 19 06 7F 7F 06 06 19 18   ................
0610: 18 19 19 06 7F 7F 06 06 19 18 18 19 19 06 7F 7F   ................
0620: 06 06 19 18 18 19 19 06 7F 7F 06 06 19 18 18 19   ................
0630: 19 06 7F 7F 06 06 19 18 18 19 19 06 7F 7F 06 06   ................
0640: 18 18 19 19 19 19 19 06 06 06 18 18 19 19 19 19   ................
0650: 19 06 06 06 18 18 19 19 19 19 19 06 06 06 18 18   ................
0660: 19 19 19 19 19 06 06 06 18 18 19 19 19 19 19 06   ................
0670: 06 06 18 18 19 19 19 19 19 06 06 06 18 18 19 19   ................
0680: 19 19 19 06 06 06 18 18 19 19 19 19 19 06 06 06   ................
0690: 18 18 19 19 19 19 19 06 06 06 18 18 19 19 19 19   ................
06A0: 19 06 06 06 19 18 18 19 19 06 7F 7F 06 06 19 18   ................
06B0: 18 19 19 06 7F 7F 06 06 19 18 18 19 19 06 7F 7F   ................
06C0: 06 06 19 18 18 19 19 06 7F 7F 06 06 19 18 18 19   ................
06D0: 19 06 7F 7F 06 06 19 18 18 19 19 06 7F 7F 06 06   ................
06E0: 19 18 18 19 19 06 7F 7F 06 06 19 18 18 19 19 06   ................
06F0: 7F 7F 06 06 19 18 18 19 19 06 7F 7F 06 06 19 18   ................
0700: 18 19 19 06 7F 7F 06 06 18 18 19 19 19 19 19 06   ................
0710: 06 06 18 18 19 19 19 19 19 06 06 06 18 18 19 19   ................
0720: 19 19 19 06 06 06 18 18 19 19 19 19 19 06 06 06   ................
0730: 18 18 19 19 19 19 19 06 06 06 18 18 19 19 19 19   ................
0740: 19 06 06 06 18 18 19 19 19 19 19 06 06 06 18 18   ................
0750: 19 19 19 19 19 06 06 06 18 18 19 19 19 19 19 06   ................
0760: 06 06 18 18 19 19 19 19 19 06 06 06 19 18 18 19   ................
0770: 19 06 7F 7F 06 06 19 18 18 19 19 06 7F 7F 06 06   ................
0780: 19 18 18 19 19 06 7F 7F 06 06 19 18 18 19 19 06   ................
0790: 7F 7F 06 06 19 18 18 19 19 06 7F 7F 06 06 19 18   ................
07A0: 18 19 19 06 7F 7F 06 06 19 18 18 19 19 06 7F 7F   ................
07B0: 06 06 19 18 18 19 19 06 7F 7F 06 06 19 18 18 19   ................
07C0: 19 06 7F 7F 06 06 19 18 18 19 19 06 7F 7F 06 06   ................

--------------------------------------------------------------------------------
DECODED TEXT
--------------------------------------------------------------------------------

[18][18][19][19][19][19][19][06][06][06][18][18][19][19][19][19][19][06][06][06][18][18][19][19][19][19][19][06][06][06][18][18][19][19][19][19][19][06][06][06][18][18][19][19][19][19][19][06][06][06][18][18][19][19][19][19][19][06][06][06][18][18][19][19][19][19][19][06][06][06][18][18][19][19][19][19][19][06][06][06][18][18][19][19][19][19][19][06][06][06][18][18][19][19][19][19][19][06][06][06][19][18][18][19][19][06][7F][7F][06][06][19][18][18][19][19][06][7F][7F][06][06][19][18][18][19][19][06][7F][7F][06][06][19][18][18][19][19][06][7F][7F][06][06][19][18][18][19][19][06][7F][7F][06][06][19][18][18][19][19][06][7F][7F][06][06][19][18][18][19][19][06][7F][7F][06][06][19][18][18][19][19][06][7F][7F][06][06][19][18][18][19][19][06][7F][7F][06][06][19][18][18][19][19][06][7F][7F][06][06][18][18][19][19][19][19][19][06][06][06][18][18][19][19][19][19][19][06][06][06][18][18][19][19][19][19][19][06][06][06][18][18][19][19][19][19][19][06][06][06][18][18][19][19][19][19][19][06][06][06][18][18][19][19][19][19][19][06][06][06][18][18][19][19][19][19][19][06][06][06][19][19][19][19][19][01][01][07][07][06][18][18][19][19][19][19][19][06][06][06][18][18][19][19][19][19][19][06][06][06][19][18][18][19][19][06][7F][7F][06][06][19][18][18][19][19][06][7F][7F][06][06][19][18][18][19][19][06][7F][7F][06][06][19][18][18][19][19][06][7F][7F][06][06][19][18][18][19][19][06][7F][7F][06][06][19][18][18][19][19][06][7F][7F][06][06][19][18][18][19][19][06][7F][7F][06][06][19][19][19][19][19][06][07][07][1E][1E][19][00][00][19][19][06][7F][7F][06][06][19][18][18][19][19][06][7F][7F][06][06][18][18][19][19][19][19][19][06][06][06][18][18][19][19][19][19][19][06][06][06][18][18][19][19][19][19][19][06][06][06][18][18][19][19][19][19][19][06][06][06][18][18][19][19][19][19][19][06][06][06][18][18][19][19][19][19][19][06][06][06][18][18][19][19][19][19][19][06][06][06][18][18][19][19][19][19][19][06][06][06][18][18][19][19][19][19][19][06][06][06][18][18][19][19][19][19][19][06][06][06][19][18][18][19][19][06][7F][7F][06][06][19][18][18][19][19][06][7F][7F][06][06][19][18][18][19][19][06][7F][7F][06][06][19][18][18][19][19][06][7F][7F][06][06][19][18][18][19][19][06][7F][7F][06][06][19][18][18][19][19][06][7F][7F][06][06][19][18][18][19][19][06][7F][7F][06][06][19][18][18][19][19][06][7F][7F][06][06][19][18][18][19][19][06][7F][7F][06][06][19][18][18][19][19][06][7F][7F][06][06][18][18][19][19][19][19][19][06][06][06][18][18][19][19][19][19][19][06][06][06][18][18][19][19][19][19][19][06][06][06][18][18][19][19][19][19][19][06][06][06][18][18][19][19][19][19][19][06][06][06][18][18][19][19][19][19][19][06][06][06][18][18][19][19][19][19][19][06][06][06][18][18][19][19][19][19][19][06][06][06][18][18][19][19][19][19][19][06][06][06][18][18][19][19][19][19][19][06][06][06][19][18][18][19][19][06][7F][7F][06][06][19][18][18][19][19][06][7F][7F][06][06][19][18][18][19][19][06][7F][7F][06][06][19][18][18][19][19][06][7F][7F][06][06][19][18][18][19][19][06][7F][7F][06][06][19][18][18][19][19][06][7F][7F][06][06][19][18][18][19][19][06][7F][7F][06][06][19][18][18][19][19][06][7F][7F][06][06][19][18][18][19][19][06][7F][7F][06][06][19][18][18][19][19][06][7F][7F][06][06][18][18][19][19][19][19][19][06][06][06][18][18][19][19][19][19][19][06][06][06][18][18][19][19][19][19][19][06][06][06][18][18][19][19][19][19][19][06][06][06][18][18][19][19][19][19][19][06][06][06][18][18][19][19][19][19][19][06][06][06][18][18][19][19][19][19][19][06][06][06][18][18][19][19][19][19][19][06][06][06][18][18][19][19][19][19][19][06][06][06][18][18][19][19][19][19][19][06][06][06][19][18][18][19][19][06][7F][7F][06][06][19][18][18][19][19][06][7F][7F][06][06][19][18][18][19][19][06][7F][7F][06][06][19][18][18][19][19][06][7F][7F][06][06][19][18][18][19][19][06][7F][7F][06][06][19][18][18][19][19][06][7F][7F][06][06][19][18][18][19][19][06][7F][7F][06][06][19][18][18][19][19][06][7F][7F][06][06][19][18][18][19][19][06][7F][7F][06][06][19][18][18][19][19][06][7F][7F][06][06][18][18][19][19][19][19][19][06][06][06][18][18][19][19][19][19][19][06][06][06][18][18][19][19][19][19][19][06][06][06][18][18][19][19][19][19][19][06][06][06][18][18][19][19][19][19][19][06][06][06][18][18][19][19][19][19][19][06][06][06][18][18][19][19][19][19][19][06][06][06][18][18][19][19][19][19][19][06][06][06][18][18][19][19][19][19][19][06][06][06][18][18][19][19][19][19][19][06][06][06][19][18][18][19][19][06][7F][7F][06][06][19][18][18][19][19][06][7F][7F][06][06][19][18][18][19][19][06][7F][7F][06][06][19][18][18][19][19][06][7F][7F][06][06][19][18][18][19][19][06][7F][7F][06][06][19][18][18][19][19][06][7F][7F][06][06][19][18][18][19][19][06][7F][7F][06][06][19][18][18][19][19][06][7F][7F][06][06][19][18][18][19][19][06][7F][7F][06][06][19][18][18][19][19][06][7F][7F][06][06][18][18][19][19][19][19][19][06][06][06][18][18][19][19][19][19][19][06][06][06][18][18][19][19][19][19][19][06][06][06][18][18][19][19][19][19][19][06][06][06][18][18][19][19][19][19][19][06][06][06][18][18][19][19][19][19][19][06][06][06][18][18][19][19][19][19][19][06][06][06][18][18][19][19][19][19][19][06][06][06][18][18][19][19][19][19][19][06][06][06][18][18][19][19][19][19][19][06][06][06][19][18][18][19][19][06][7F][7F][06][06][19][18][18][19][19][06][7F][7F][06][06][19][18][18][19][19][06][7F][7F][06][06][19][18][18][19][19][06][7F][7F][06][06][19][18][18][19][19][06][7F][7F][06][06][19][18][18][19][19][06][7F][7F][06][06][19][18][18][19][19][06][7F][7F][06][06][19][18][18][19][19][06][7F][7F][06][06][19][18][18][19][19][06][7F][7F][06][06][19][18][18][19][19][06][7F][7F][06][06][18][18][19][19][19][19][19][06][06][06][18][18][19][19][19][19][19][06][06][06][18][18][19][19][19][19][19][06][06][06][18][18][19][19][19][19][19][06][06][06][18][18][19][19][19][19][19][06][06][06][18][18][19][19][19][19][19][06][06][06][18][18][19][19][19][19][19][06][06][06][18][18][19][19][19][19][19][06][06][06][18][18][19][19][19][19][19][06][06][06][18][18][19][19][19][19][19][06][06][06][19][18][18][19][19][06][7F][7F][06][06][19][18][18][19][19][06][7F][7F][06][06][19][18][18][19][19][06][7F][7F][06][06][19][18][18][19][19][06][7F][7F][06][06][19][18][18][19][19][06][7F][7F][06][06][19][18][18][19][19][06][7F][7F][06][06][19][18][18][19][19][06][7F][7F][06][06][19][18][18][19][19][06][7F][7F][06][06][19][18][18][19][19][06][7F][7F][06][06][19][18][18][19][19][06][7F][7F][06][06][18][18][19][19][19][19][19][06][06][06][18][18][19][19][19][19][19][06][06][06][18][18][19][19][19][19][19][06][06][06][18][18][19][19][19][19][19][06][06][06][18][18][19][19][19][19][19][06][06][06][18][18][19][19][19][19][19][06][06][06][18][18][19][19][19][19][19][06][06][06][18][18][19][19][19][19][19][06][06][06][18][18][19][19][19][19][19][06][06][06][18][18][19][19][19][19][19][06][06][06][19][18][18][19][19][06][7F][7F][06][06][19][18][18][19][19][06][7F][7F][06][06][19][18][18][19][19][06][7F][7F][06][06][19][18][18][19][19][06][7F][7F][06][06][19][18][18][19][19][06][7F][7F][06][06][19][18][18][19][19][06][7F][7F][06][06][19][18][18][19][19][06][7F][7F][06][06][19][18][18][19][19][06][7F][7F][06][06][19][18][18][19][19][06][7F][7F][06][06][19][18][18][19][19][06][7F][7F][06][06][18][18][19][19][19][19][19][06][06][06][18][18][19][19][19][19][19][06][06][06][18][18][19][19][19][19][19][06][06][06][18][18][19][19][19][19][19][06][06][06][18][18][19][19][19][19][19][06][06][06][18][18][19][19][19][19][19][06][06][06][18][18][19][19][19][19][19][06][06][06][18][18][19][19][19][19][19][06][06][06][18][18][19][19][19][19][19][06][06][06][18][18][19][19][19][19][19][06][06][06][19][18][18][19][19][06][7F][7F][06][06][19][18][18][19][19][06][7F][7F][06][06][19][18][18][19][19][06][7F][7F][06][06][19][18][18][19][19][06][7F][7F][06][06][19][18][18][19][19][06][7F][7F][06][06][19][18][18][19][19][06][7F][7F][06][06][19][18][18][19][19][06][7F][7F][06][06][19][18][18][19][19][06][7F][7F][06][06][19][18][18][19][19][06][7F][7F][06][06][19][18][18][19][19][06][7F][7F][06][06]

--------------------------------------------------------------------------------
ALL UNIQUE BYTE STATS
--------------------------------------------------------------------------------

