METHOD 4: 5-Track Baudot (cols_even, combined_bg+content)
================================================================================

Columns used as tracks: cols_even = [0, 2, 4, 6]
Each row = 1 Baudot/ITA2 frame (5 bits)
Total frames: 2000

--- RAW FRAMES (hex) ---
04 04 05 05 05 05 05 02 02 02 04 04 05 05 05 05 05 02 02 02 
04 04 05 05 05 05 05 02 02 02 04 04 05 05 05 05 05 02 02 02 
04 04 05 05 05 07 05 02 02 02 04 04 05 05 05 07 05 02 02 02 
04 04 05 05 05 07 05 02 02 02 04 04 05 05 05 07 05 02 02 02 
04 04 05 05 05 05 05 02 02 02 04 04 05 05 05 05 05 02 02 02 
05 04 04 05 05 02 0F 0F 02 02 05 04 05 05 05 02 0F 0F 02 02 
05 05 05 05 05 02 0F 0F 02 02 05 04 05 05 05 02 0F 0F 02 06 
05 04 05 05 05 02 0F 0F 02 06 05 04 05 05 05 02 0F 0F 02 07 
05 04 05 05 05 02 0F 0F 02 02 05 04 05 05 05 02 0F 0F 02 02 
05 04 04 05 05 02 0F 0F 02 02 05 04 04 05 05 02 0F 0F 02 02 
04 04 05 05 05 05 07 02 02 02 04 04 05 05 05 05 07 02 02 02 
04 04 05 05 05 05 05 02 02 02 04 04 05 05 05 05 07 02 02 02 
04 05 05 05 05 07 07 02 02 02 04 04 05 05 05 05 07 02 02 02 
04 04 05 05 05 05 07 02 02 02 05 05 05 05 05 01 01 03 03 02 
04 04 05 05 05 05 05 02 02 02 04 04 05 05 05 05 05 02 02 02 
05 04 04 05 05 02 0F 0F 02 02 05 04 04 05 05 02 0F 0F 02 06 
05 04 04 05 05 02 0F 0F 02 06 05 04 04 05 05 02 0F 0F 02 07 
05 04 04 05 05 02 0F 0F 02 0F 05 04 04 05 05 02 0F 0F 02 02 
05 04 04 05 05 02 0F 0F 02 02 05 05 05 05 05 02 03 03 06 06 
05 00 00 05 05 02 0F 0F 02 02 05 04 04 05 05 02 0F 0F 02 02 
04 04 05 05 05 05 05 02 02 02 04 04 05 05 05 05 05 02 02 02 
04 04 05 05 05 05 05 02 02 02 04 04 05 05 05 05 05 02 02 02 
04 04 05 05 05 07 05 02 02 02 04 04 05 05 05 05 05 02 02 02 
04 05 05 05 05 05 07 02 02 02 04 04 05 05 05 05 07 02 02 02 
04 04 05 05 05 05 07 02 02 02 04 04 05 05 05 05 05 02 02 02 
05 04 05 05 05 02 0F 0F 02 02 05 04 05 05 05 02 0F 0F 06 06 
05 04 05 05 05 02 0F 0F 06 06 05 04 05 05 05 02 0F 0F 02 02 
05 04 05 05 05 02 0F 0F 06 06 05 04 05 05 05 02 0F 0F 02 06 
05 04 05 05 05 02 0F 0F 06 06 05 04 05 05 05 02 0F 0F 02 06 
05 04 05 05 05 02 0F 0F 02 02 05 04 04 05 05 02 0F 0F 02 02 
04 04 05 05 05 05 07 02 02 02 04 04 05 05 05 05 07 02 02 02 
04 04 05 05 05 05 07 02 02 02 04 04 05 05 05 07 07 02 02 02 
04 05 05 05 05 07 07 02 02 02 0D 05 05 05 05 0F 0F 02 02 02 
04 05 05 05 05 07 07 02 02 02 04 04 05 05 05 05 05 02 02 02 
04 04 05 05 05 05 07 02 02 02 04 04 05 05 05 05 05 02 02 02 
05 04 05 05 05 02 0F 0F 02 02 05 05 05 05 05 02 0F 0F 02 06 
05 05 0D 05 05 02 0F 0F 02 06 05 04 0D 05 05 02 0F 0F 02 0F 
05 04 05 05 05 02 0F 0F 02 0F 05 05 05 05 07 02 0F 0F 02 0F 
05 05 0D 05 05 02 0F 0F 02 07 05 0D 0D 05 07 02 0F 0F 02 0E 
05 04 05 05 05 02 0F 0F 02 06 05 04 05 05 05 02 0F 0F 02 06 
04 04 05 05 05 05 05 02 02 02 04 04 05 05 05 05 05 02 06 02 
04 04 05 0D 05 05 05 02 06 02 04 04 0D 0F 05 07 05 02 07 02 
04 04 05 0F 05 07 05 02 0F 06 04 04 05 0F 05 05 05 02 07 02 
04 04 05 0F 05 07 05 02 07 06 04 04 05 0F 05 07 05 02 07 02 
04 04 05 05 05 05 05 02 06 02 04 04 05 05 05 05 05 02 06 02 
05 05 05 05 0D 02 0F 0F 02 0F 0F 0D 05 05 0F 0F 0F 0F 06 0F 
0F 0D 05 05 0D 0E 0F 0F 06 0E 0F 0D 05 05 05 0F 0F 0F 02 07 
0F 0D 04 05 05 0F 0F 0F 02 06 0F 0D 04 05 05 0F 0F 0F 02 06 
0F 0D 04 05 05 0F 0F 0F 02 06 0D 05 04 05 05 06 0F 0F 02 02 
0D 05 04 05 05 06 0F 0F 02 02 05 04 04 05 05 02 0F 0F 02 02 
04 04 05 05 05 05 05 02 02 02 04 04 05 07 05 05 05 02 07 02 
04 04 05 0F 05 05 05 02 07 06 04 04 05 0F 05 05 05 02 07 0F 
04 04 05 0F 0D 05 07 06 07 06 04 04 07 07 05 05 07 07 07 0F 
04 0D 0F 0D 0D 05 07 07 07 0E 04 0D 0F 0D 05 05 07 06 07 06 
04 05 0D 05 05 05 07 06 06 02 04 05 05 05 05 05 07 02 02 02 
05 05 04 05 05 03 0F 0F 02 02 0F 04 04 05 05 06 0F 0F 02 02 
05 04 04 05 05 06 0F 0F 02 02 05 04 04 05 05 0F 0F 0F 02 02 
0D 04 04 05 05 06 0F 0F 02 02 05 04 04 05 05 0E 0F 0F 02 02 
05 04 04 05 05 06 0F 0F 02 02 05 04 04 05 05 02 0F 0F 02 02 
05 04 04 05 05 02 0F 0F 02 02 05 04 04 05 05 02 0F 0F 02 02 
04 04 05 05 05 05 05 02 02 02 04 04 05 05 05 05 05 02 02 02 
04 04 05 05 05 05 05 02 02 02 04 04 05 05 05 05 07 02 02 02 
04 04 05 05 05 05 07 02 06 0E 04 04 05 05 05 05 07 02 02 02 
04 04 05 05 05 05 07 02 02 02 04 05 05 05 05 05 07 02 02 02 
04 05 05 05 05 05 0F 02 02 02 04 05 05 05 05 07 07 02 02 02 
05 04 05 05 05 02 0F 0F 02 02 05 04 05 05 05 02 0F 0F 02 06 
05 05 05 05 05 02 0F 0F 02 06 05 05 05 05 07 02 0F 0F 02 0F 
05 05 0D 05 0D 02 0F 0F 06 0F 05 05 0D 05 07 02 0F 0F 03 0F 
05 05 0D 05 0D 02 0F 0F 06 0F 05 04 05 05 0D 02 0F 0F 06 0F 
05 04 05 0D 0F 02 0F 0F 07 0F 05 04 05 0D 0D 02 0F 0F 02 06 
04 04 0D 0D 05 05 07 02 07 02 04 04 05 07 05 07 07 02 07 02 
04 05 05 05 05 0F 07 02 06 02 05 04 05 0F 05 0F 07 02 07 02 
0D 04 05 0F 05 0F 07 02 0F 02 0D 04 05 07 05 0F 05 02 07 02 
0D 04 05 0D 05 0F 07 02 07 06 0C 04 05 0F 05 0F 05 02 0F 06 
04 04 05 0F 05 07 05 02 06 06 04 04 05 05 05 05 05 02 06 02 
05 04 05 05 05 02 0F 0F 02 02 05 05 05 05 05 07 0F 0F 02 06 
0D 0D 0D 05 05 06 0F 0F 02 06 05 0D 05 05 05 0F 0F 0F 02 06 
0F 0D 05 05 05 0E 0F 0F 02 06 0F 0D 05 05 05 0F 0F 0F 02 07 
0F 0D 05 05 05 0F 0F 0F 02 07 0F 0D 04 05 05 0F 0F 0F 02 06 
0F 0D 05 05 05 0F 0F 0F 02 06 0F 0D 04 05 05 0E 0F 0F 02 02 
04 04 05 0D 05 05 05 02 07 02 04 04 05 0F 05 05 05 02 02 02 
04 04 05 05 05 05 05 02 02 02 04 04 05 05 05 05 05 02 02 02 
04 04 05 05 05 05 05 02 06 02 04 04 05 05 05 05 07 02 02 02 
04 0D 0F 05 05 05 07 06 06 02 04 0C 0D 05 05 05 07 06 02 02 
04 05 0F 05 05 05 07 06 06 02 04 05 05 05 05 05 07 02 02 02 
05 04 05 05 05 06 0F 0F 07 07 05 04 05 0F 07 02 0F 0F 0F 0F 
05 04 05 0F 0F 02 0F 0F 0F 0F 05 04 05 0F 0D 02 0F 0F 0F 0E 
05 04 05 0F 05 02 0F 0F 0F 06 05 04 05 0F 05 02 0F 0F 0F 02 
05 04 05 0D 05 02 0F 0F 07 06 05 04 05 0D 05 02 0F 0F 07 06 
05 04 04 05 05 02 0F 0F 06 02 05 04 04 05 05 02 0F 0F 02 06 
0C 0D 05 05 05 07 0F 02 02 02 0D 0F 05 05 05 0F 0F 02 02 02 
0D 0F 05 05 05 0F 0F 02 02 02 0D 0F 0D 05 05 0F 0F 07 02 02 
04 0F 0F 05 05 07 0F 0F 02 02 04 0D 0F 05 05 05 0F 0E 02 02 
04 0D 0D 05 05 07 0F 02 02 02 04 0D 05 05 05 07 0F 02 02 02 
04 05 05 05 05 05 07 02 02 02 04 04 05 05 05 05 07 02 02 02 
05 04 04 05 0F 02 0F 0F 02 0F 05 04 04 05 0F 02 0F 0F 02 0F 
05 04 05 05 0F 02 0F 0F 02 0E 05 04 04 05 0F 02 0F 0F 02 0F 
05 04 04 05 07 02 0F 0F 02 0F 05 04 04 05 07 02 0F 0F 02 0F 
05 04 05 05 0F 02 0F 0F 02 0F 05 04 04 05 0F 02 0F 0F 02 0F 
05 04 04 05 0F 02 0F 0F 02 0F 05 04 04 05 0F 02 0F 0F 02 0E 

--- BAUDOT DECODE ---

  HHHHH


  HHHHH


  HHHHH


  HHHHH


  HHHMH


  HHHMH


  HHHMH


  HHHMH


  HHHHH


  HHHHH


H  HH
VV

H HHH
VV

HHHHH
VV

H HHH
VV
NH HHH
VV
NH HHH
VV
MH HHH
VV

H HHH
VV

H  HH
VV

H  HH
VV

  HHHHM


  HHHHM


  HHHHH


  HHHHM


 HHHHMM


  HHHHM


  HHHHM


HHHHHTTOO
  HHHHH


  HHHHH


H  HH
VV

H  HH
VV
NH  HH
VV
NH  HH
VV
MH  HH
VV
VH  HH
VV

H  HH
VV

HHHHH
OONNH  HH
VV

H  HH
VV

  HHHHH


  HHHHH


  HHHHH


  HHHHH


  HHHMH


  HHHHH


 HHHHHM


  HHHHM


  HHHHM


  HHHHH


H HHH
VV

H HHH
VVNNH HHH
VVNNH HHH
VV

H HHH
VVNNH HHH
VV
NH HHH
VVNNH HHH
VV
NH HHH
VV

H  HH
VV

  HHHHM


  HHHHM


  HHHHM


  HHHMM


 HHHHMM


PHHHHVV


 HHHHMM


  HHHHH


  HHHHM


  HHHHH


H HHH
VV

HHHHH
VV
NHHPHH
VV
NH PHH
VV
VH HHH
VV
VHHHHM
VV
VHHPHH
VV
MHPPHM
VV
CH HHH
VV
NH HHH
VV
N  HHHHH


  HHHHH
N
  HPHHH
N
  PVHMH
M
  HVHMH
VN  HVHHH
M
  HVHMH
MN  HVHMH
M
  HHHHH
N
  HHHHH
N
HHHHP
VV
VVPHHVVVVNVVPHHPCVVNCVPHHHVVV
MVP HHVVV
NVP HHVVV
NVP HHVVV
NPH HHNVV

PH HHNVV

H  HH
VV

  HHHHH


  HMHHH
M
  HVHHH
MN  HVHHH
MV  HVPHMNMN  MMHHMMMV PVPPHMMMC PVPHHMNMN HPHHHMNN
 HHHHHM


HH HHOVV

V  HHNVV

H  HHNVV

H  HHVVV

P  HHNVV

H  HHCVV

H  HHNVV

H  HH
VV

H  HH
VV

H  HH
VV

  HHHHH


  HHHHH


  HHHHH


  HHHHM


  HHHHM
NC  HHHHM


  HHHHM


 HHHHHM


 HHHHHV


 HHHHMM


H HHH
VV

H HHH
VV
NHHHHH
VV
NHHHHM
VV
VHHPHP
VVNVHHPHM
VVOVHHPHP
VVNVH HHP
VVNVH HPV
VVMVH HPP
VV
N  PPHHM
M
  HMHMM
M
 HHHHVM
N
H HVHVM
M
P HVHVM
V
P HMHVH
M
P HPHVM
MNI HVHVH
VN  HVHMH
NN  HHHHH
N
H HHH
VV

HHHHHMVV
NPPPHHNVV
NHPHHHVVV
NVPHHHCVV
NVPHHHVVV
MVPHHHVVV
MVP HHVVV
NVPHHHVVV
NVP HHCVV

  HPHHH
M
  HVHHH


  HHHHH


  HHHHH


  HHHHH
N
  HHHHM


 PVHHHMNN
 IPHHHMN

 HVHHHMNN
 HHHHHM


H HHHNVVMMH HVM
VVVVH HVV
VVVVH HVP
VVVCH HVH
VVVNH HVH
VVV
H HPH
VVMNH HPH
VVMNH  HH
VVN
H  HH
VV
NIPHHHMV


PVHHHVV


PVHHHVV


PVPHHVVM

 VVHHMVV

 PVHHHVC

 PPHHMV


 PHHHMV


 HHHHHM


  HHHHM


H  HV
VV
VH  HV
VV
VH HHV
VV
CH  HV
VV
VH  HM
VV
VH  HM
VV
VH HHV
VV
VH  HV
VV
VH  HV
VV
VH  HV
VV
C

--- 5-bit raw values as ASCII ---
[04] [04] [05] [05] [05] [05] [05] [02] [02] [02] [04] [04] [05] [05] [05] [05] [05] [02] [02] [02] [04] [04] [05] [05] [05] [05] [05] [02] [02] [02] [04] [04] [05] [05] [05] [05] [05] [02] [02] [02] 
[04] [04] [05] [05] [05] [07] [05] [02] [02] [02] [04] [04] [05] [05] [05] [07] [05] [02] [02] [02] [04] [04] [05] [05] [05] [07] [05] [02] [02] [02] [04] [04] [05] [05] [05] [07] [05] [02] [02] [02] 
[04] [04] [05] [05] [05] [05] [05] [02] [02] [02] [04] [04] [05] [05] [05] [05] [05] [02] [02] [02] [05] [04] [04] [05] [05] [02] [0F] [0F] [02] [02] [05] [04] [05] [05] [05] [02] [0F] [0F] [02] [02] 
[05] [05] [05] [05] [05] [02] [0F] [0F] [02] [02] [05] [04] [05] [05] [05] [02] [0F] [0F] [02] [06] [05] [04] [05] [05] [05] [02] [0F] [0F] [02] [06] [05] [04] [05] [05] [05] [02] [0F] [0F] [02] [07] 
[05] [04] [05] [05] [05] [02] [0F] [0F] [02] [02] [05] [04] [05] [05] [05] [02] [0F] [0F] [02] [02] [05] [04] [04] [05] [05] [02] [0F] [0F] [02] [02] [05] [04] [04] [05] [05] [02] [0F] [0F] [02] [02] 
[04] [04] [05] [05] [05] [05] [07] [02] [02] [02] [04] [04] [05] [05] [05] [05] [07] [02] [02] [02] [04] [04] [05] [05] [05] [05] [05] [02] [02] [02] [04] [04] [05] [05] [05] [05] [07] [02] [02] [02] 
[04] [05] [05] [05] [05] [07] [07] [02] [02] [02] [04] [04] [05] [05] [05] [05] [07] [02] [02] [02] [04] [04] [05] [05] [05] [05] [07] [02] [02] [02] [05] [05] [05] [05] [05] [01] [01] [03] [03] [02] 
[04] [04] [05] [05] [05] [05] [05] [02] [02] [02] [04] [04] [05] [05] [05] [05] [05] [02] [02] [02] [05] [04] [04] [05] [05] [02] [0F] [0F] [02] [02] [05] [04] [04] [05] [05] [02] [0F] [0F] [02] [06] 
[05] [04] [04] [05] [05] [02] [0F] [0F] [02] [06] [05] [04] [04] [05] [05] [02] [0F] [0F] [02] [07] [05] [04] [04] [05] [05] [02] [0F] [0F] [02] [0F] [05] [04] [04] [05] [05] [02] [0F] [0F] [02] [02] 
[05] [04] [04] [05] [05] [02] [0F] [0F] [02] [02] [05] [05] [05] [05] [05] [02] [03] [03] [06] [06] [05] [00] [00] [05] [05] [02] [0F] [0F] [02] [02] [05] [04] [04] [05] [05] [02] [0F] [0F] [02] [02] 
[04] [04] [05] [05] [05] [05] [05] [02] [02] [02] [04] [04] [05] [05] [05] [05] [05] [02] [02] [02] [04] [04] [05] [05] [05] [05] [05] [02] [02] [02] [04] [04] [05] [05] [05] [05] [05] [02] [02] [02] 
[04] [04] [05] [05] [05] [07] [05] [02] [02] [02] [04] [04] [05] [05] [05] [05] [05] [02] [02] [02] [04] [05] [05] [05] [05] [05] [07] [02] [02] [02] [04] [04] [05] [05] [05] [05] [07] [02] [02] [02] 
[04] [04] [05] [05] [05] [05] [07] [02] [02] [02] [04] [04] [05] [05] [05] [05] [05] [02] [02] [02] [05] [04] [05] [05] [05] [02] [0F] [0F] [02] [02] [05] [04] [05] [05] [05] [02] [0F] [0F] [06] [06] 
[05] [04] [05] [05] [05] [02] [0F] [0F] [06] [06] [05] [04] [05] [05] [05] [02] [0F] [0F] [02] [02] [05] [04] [05] [05] [05] [02] [0F] [0F] [06] [06] [05] [04] [05] [05] [05] [02] [0F] [0F] [02] [06] 
[05] [04] [05] [05] [05] [02] [0F] [0F] [06] [06] [05] [04] [05] [05] [05] [02] [0F] [0F] [02] [06] [05] [04] [05] [05] [05] [02] [0F] [0F] [02] [02] [05] [04] [04] [05] [05] [02] [0F] [0F] [02] [02] 
[04] [04] [05] [05] [05] [05] [07] [02] [02] [02] [04] [04] [05] [05] [05] [05] [07] [02] [02] [02] [04] [04] [05] [05] [05] [05] [07] [02] [02] [02] [04] [04] [05] [05] [05] [07] [07] [02] [02] [02] 
[04] [05] [05] [05] [05] [07] [07] [02] [02] [02] [0D] [05] [05] [05] [05] [0F] [0F] [02] [02] [02] [04] [05] [05] [05] [05] [07] [07] [02] [02] [02] [04] [04] [05] [05] [05] [05] [05] [02] [02] [02] 
[04] [04] [05] [05] [05] [05] [07] [02] [02] [02] [04] [04] [05] [05] [05] [05] [05] [02] [02] [02] [05] [04] [05] [05] [05] [02] [0F] [0F] [02] [02] [05] [05] [05] [05] [05] [02] [0F] [0F] [02] [06] 
[05] [05] [0D] [05] [05] [02] [0F] [0F] [02] [06] [05] [04] [0D] [05] [05] [02] [0F] [0F] [02] [0F] [05] [04] [05] [05] [05] [02] [0F] [0F] [02] [0F] [05] [05] [05] [05] [07] [02] [0F] [0F] [02] [0F] 
[05] [05] [0D] [05] [05] [02] [0F] [0F] [02] [07] [05] [0D] [0D] [05] [07] [02] [0F] [0F] [02] [0E] [05] [04] [05] [05] [05] [02] [0F] [0F] [02] [06] [05] [04] [05] [05] [05] [02] [0F] [0F] [02] [06] 
[04] [04] [05] [05] [05] [05] [05] [02] [02] [02] [04] [04] [05] [05] [05] [05] [05] [02] [06] [02] [04] [04] [05] [0D] [05] [05] [05] [02] [06] [02] [04] [04] [0D] [0F] [05] [07] [05] [02] [07] [02] 
[04] [04] [05] [0F] [05] [07] [05] [02] [0F] [06] [04] [04] [05] [0F] [05] [05] [05] [02] [07] [02] [04] [04] [05] [0F] [05] [07] [05] [02] [07] [06] [04] [04] [05] [0F] [05] [07] [05] [02] [07] [02] 
[04] [04] [05] [05] [05] [05] [05] [02] [06] [02] [04] [04] [05] [05] [05] [05] [05] [02] [06] [02] [05] [05] [05] [05] [0D] [02] [0F] [0F] [02] [0F] [0F] [0D] [05] [05] [0F] [0F] [0F] [0F] [06] [0F] 
[0F] [0D] [05] [05] [0D] [0E] [0F] [0F] [06] [0E] [0F] [0D] [05] [05] [05] [0F] [0F] [0F] [02] [07] [0F] [0D] [04] [05] [05] [0F] [0F] [0F] [02] [06] [0F] [0D] [04] [05] [05] [0F] [0F] [0F] [02] [06] 
[0F] [0D] [04] [05] [05] [0F] [0F] [0F] [02] [06] [0D] [05] [04] [05] [05] [06] [0F] [0F] [02] [02] [0D] [05] [04] [05] [05] [06] [0F] [0F] [02] [02] [05] [04] [04] [05] [05] [02] [0F] [0F] [02] [02] 
[04] [04] [05] [05] [05] [05] [05] [02] [02] [02] [04] [04] [05] [07] [05] [05] [05] [02] [07] [02] [04] [04] [05] [0F] [05] [05] [05] [02] [07] [06] [04] [04] [05] [0F] [05] [05] [05] [02] [07] [0F] 
[04] [04] [05] [0F] [0D] [05] [07] [06] [07] [06] [04] [04] [07] [07] [05] [05] [07] [07] [07] [0F] [04] [0D] [0F] [0D] [0D] [05] [07] [07] [07] [0E] [04] [0D] [0F] [0D] [05] [05] [07] [06] [07] [06] 
[04] [05] [0D] [05] [05] [05] [07] [06] [06] [02] [04] [05] [05] [05] [05] [05] [07] [02] [02] [02] [05] [05] [04] [05] [05] [03] [0F] [0F] [02] [02] [0F] [04] [04] [05] [05] [06] [0F] [0F] [02] [02] 
[05] [04] [04] [05] [05] [06] [0F] [0F] [02] [02] [05] [04] [04] [05] [05] [0F] [0F] [0F] [02] [02] [0D] [04] [04] [05] [05] [06] [0F] [0F] [02] [02] [05] [04] [04] [05] [05] [0E] [0F] [0F] [02] [02] 
[05] [04] [04] [05] [05] [06] [0F] [0F] [02] [02] [05] [04] [04] [05] [05] [02] [0F] [0F] [02] [02] [05] [04] [04] [05] [05] [02] [0F] [0F] [02] [02] [05] [04] [04] [05] [05] [02] [0F] [0F] [02] [02] 
[04] [04] [05] [05] [05] [05] [05] [02] [02] [02] [04] [04] [05] [05] [05] [05] [05] [02] [02] [02] [04] [04] [05] [05] [05] [05] [05] [02] [02] [02] [04] [04] [05] [05] [05] [05] [07] [02] [02] [02] 
[04] [04] [05] [05] [05] [05] [07] [02] [06] [0E] [04] [04] [05] [05] [05] [05] [07] [02] [02] [02] [04] [04] [05] [05] [05] [05] [07] [02] [02] [02] [04] [05] [05] [05] [05] [05] [07] [02] [02] [02] 
[04] [05] [05] [05] [05] [05] [0F] [02] [02] [02] [04] [05] [05] [05] [05] [07] [07] [02] [02] [02] [05] [04] [05] [05] [05] [02] [0F] [0F] [02] [02] [05] [04] [05] [05] [05] [02] [0F] [0F] [02] [06] 
[05] [05] [05] [05] [05] [02] [0F] [0F] [02] [06] [05] [05] [05] [05] [07] [02] [0F] [0F] [02] [0F] [05] [05] [0D] [05] [0D] [02] [0F] [0F] [06] [0F] [05] [05] [0D] [05] [07] [02] [0F] [0F] [03] [0F] 
[05] [05] [0D] [05] [0D] [02] [0F] [0F] [06] [0F] [05] [04] [05] [05] [0D] [02] [0F] [0F] [06] [0F] [05] [04] [05] [0D] [0F] [02] [0F] [0F] [07] [0F] [05] [04] [05] [0D] [0D] [02] [0F] [0F] [02] [06] 
[04] [04] [0D] [0D] [05] [05] [07] [02] [07] [02] [04] [04] [05] [07] [05] [07] [07] [02] [07] [02] [04] [05] [05] [05] [05] [0F] [07] [02] [06] [02] [05] [04] [05] [0F] [05] [0F] [07] [02] [07] [02] 
[0D] [04] [05] [0F] [05] [0F] [07] [02] [0F] [02] [0D] [04] [05] [07] [05] [0F] [05] [02] [07] [02] [0D] [04] [05] [0D] [05] [0F] [07] [02] [07] [06] [0C] [04] [05] [0F] [05] [0F] [05] [02] [0F] [06] 
[04] [04] [05] [0F] [05] [07] [05] [02] [06] [06] [04] [04] [05] [05] [05] [05] [05] [02] [06] [02] [05] [04] [05] [05] [05] [02] [0F] [0F] [02] [02] [05] [05] [05] [05] [05] [07] [0F] [0F] [02] [06] 
[0D] [0D] [0D] [05] [05] [06] [0F] [0F] [02] [06] [05] [0D] [05] [05] [05] [0F] [0F] [0F] [02] [06] [0F] [0D] [05] [05] [05] [0E] [0F] [0F] [02] [06] [0F] [0D] [05] [05] [05] [0F] [0F] [0F] [02] [07] 
[0F] [0D] [05] [05] [05] [0F] [0F] [0F] [02] [07] [0F] [0D] [04] [05] [05] [0F] [0F] [0F] [02] [06] [0F] [0D] [05] [05] [05] [0F] [0F] [0F] [02] [06] [0F] [0D] [04] [05] [05] [0E] [0F] [0F] [02] [02] 
[04] [04] [05] [0D] [05] [05] [05] [02] [07] [02] [04] [04] [05] [0F] [05] [05] [05] [02] [02] [02] [04] [04] [05] [05] [05] [05] [05] [02] [02] [02] [04] [04] [05] [05] [05] [05] [05] [02] [02] [02] 
[04] [04] [05] [05] [05] [05] [05] [02] [06] [02] [04] [04] [05] [05] [05] [05] [07] [02] [02] [02] [04] [0D] [0F] [05] [05] [05] [07] [06] [06] [02] [04] [0C] [0D] [05] [05] [05] [07] [06] [02] [02] 
[04] [05] [0F] [05] [05] [05] [07] [06] [06] [02] [04] [05] [05] [05] [05] [05] [07] [02] [02] [02] [05] [04] [05] [05] [05] [06] [0F] [0F] [07] [07] [05] [04] [05] [0F] [07] [02] [0F] [0F] [0F] [0F] 
[05] [04] [05] [0F] [0F] [02] [0F] [0F] [0F] [0F] [05] [04] [05] [0F] [0D] [02] [0F] [0F] [0F] [0E] [05] [04] [05] [0F] [05] [02] [0F] [0F] [0F] [06] [05] [04] [05] [0F] [05] [02] [0F] [0F] [0F] [02] 
[05] [04] [05] [0D] [05] [02] [0F] [0F] [07] [06] [05] [04] [05] [0D] [05] [02] [0F] [0F] [07] [06] [05] [04] [04] [05] [05] [02] [0F] [0F] [06] [02] [05] [04] [04] [05] [05] [02] [0F] [0F] [02] [06] 
[0C] [0D] [05] [05] [05] [07] [0F] [02] [02] [02] [0D] [0F] [05] [05] [05] [0F] [0F] [02] [02] [02] [0D] [0F] [05] [05] [05] [0F] [0F] [02] [02] [02] [0D] [0F] [0D] [05] [05] [0F] [0F] [07] [02] [02] 
[04] [0F] [0F] [05] [05] [07] [0F] [0F] [02] [02] [04] [0D] [0F] [05] [05] [05] [0F] [0E] [02] [02] [04] [0D] [0D] [05] [05] [07] [0F] [02] [02] [02] [04] [0D] [05] [05] [05] [07] [0F] [02] [02] [02] 
[04] [05] [05] [05] [05] [05] [07] [02] [02] [02] [04] [04] [05] [05] [05] [05] [07] [02] [02] [02] [05] [04] [04] [05] [0F] [02] [0F] [0F] [02] [0F] [05] [04] [04] [05] [0F] [02] [0F] [0F] [02] [0F] 
[05] [04] [05] [05] [0F] [02] [0F] [0F] [02] [0E] [05] [04] [04] [05] [0F] [02] [0F] [0F] [02] [0F] [05] [04] [04] [05] [07] [02] [0F] [0F] [02] [0F] [05] [04] [04] [05] [07] [02] [0F] [0F] [02] [0F] 
[05] [04] [05] [05] [0F] [02] [0F] [0F] [02] [0F] [05] [04] [04] [05] [0F] [02] [0F] [0F] [02] [0F] [05] [04] [04] [05] [0F] [02] [0F] [0F] [02] [0F] [05] [04] [04] [05] [0F] [02] [0F] [0F] [02] [0E] 
