B (color 4) — binary decode after row compaction
Rows: 750/1000 kept, dot grid: 75x160
Continuous: 15 bands of 5 rows, 20 blocks per band

Band 0: [00][00][00][00][00]  [00][00][00][00][00]  [00][00][00][00][00]  [04][04][00][00][00]  [00][00][00][00][04]  [00][00][00][00][00]  [00][00][00][02][00]  [00][04][00][00]   [00][00]A[00][04]  [08][00][00][00][00]  [00][00][00][00][00]  [00][00][00][00][00]  [00]@[00][01][00]  [00][00][00][00][00]  [00][00][00]C[00]  [08][04][00][00][00]  [00][00][00][00][00]  [00][00][00][00][00]  [00][00][00][00][00]  [00][00][00][00][00]
Band 1: [00][00][00][00][00]  [04][00][00][00][01]  [00]@[00][00][00]  [00][08][00][00]0  @[00][00][00][04]  [00][00][00][01]p  [00][01][00][04][00]  [00][00][00][00][02]  [00][03][00][00][00]  [00][00][00][01][80]  [00][00][00][00][00]  [00][08][10][10]A  @[00][00][00][00]  [04][08][01][00][01]  [00][00][00][00][00]  [00][00][00][00][00]  [00][00][00][00][00]  [00][04][00][00][00]  [00][00][00][00][00]  [00][00][00][00][00]
Band 2: [00][00][00][00][00]  [04][00][00][00][00]  [00][00][00][00][00]  [00][00][01][00][00]  [00][00][00][00][00]  [04][00][00][00][00]  [00][00][04][00][00]  [00][00][00][00][00]  [00][00][04][00][00]  [04][00][01]A[00]  [00][00][00][00][04]  [00][10][00]@A  [07][00][04][04][04]  [00][00][01]A[01]  [01][04][00][04][04]  [00][00][00][00][00]  @[00][00][00][00]  [00][00][00][00][00]  [00][00][00][00][00]  [00][00][00][00][00]
Band 3: [00][04][00][00][00]  [00][00][00][04][00]  [00][04][00][00]@  [00]0p[00][08]  [00][04][00]@A  [00]0 [00][08]  [03][00][00][00]A  [00][01][00][08][00]  [03][04][00]@C  [00]1p[00][00]  [03]@D[82][06]  [00][01]`[C0][80]  [03][04][04][00]G  [00]!p[08][00]  [03][00][00][00][00]  [00][01]![00][00]  [00][04][00][00][00]  [00][00][01][00][08]  [00][00][00][00][00]  [00][00][00][00][04]
Band 4: [00][00][00][02][00]  [00][00][00][00][00]  [00][00][02]@[00]  [00][00][00][00][00]  [00][00][04][84][00]  [01]A[00][00][00]  [00][00]@[84][00]  [00][00][00][00][00]  [00][00][00][00][00]  [00][00][00][00][00]  [00][00]C[04]@  [00][00][00][00][01]  [00][00][00][00][00]  [00][00][00][00][10]  [00][00][80][00][00]  [00][00][00][00][10]  [00][00]@[04][00]  [00][00][00][00][00]  [00][00][00]C[00]  [00][00][00][00][00]
Band 5: [00][00][00][00][00]  [00][00][00][00][00]  [00][00][00][00][00]  0[04][04][00]0  [04][00][00][04][80]  p[00][04][00]@  [00]D[00][80]H  [82][08][04][01][00]  [00]@[00][00][00]  [80][00][04]A[80]  [08]D[00][00][80]  [80][00][04][00][00]  [00]@[00][00][00]  [00][08][00][00][00]  [08]@[00][00][00]  [80][08][00][00][02]  [00][00][00][00][00]  [10][04][00][00][00]  [00][00][00][00][04]   [04][00][00]0
Band 6: [00][04][07][00][04]  [01]@[00][00][00]  [00][C8][84]@[04]  [00][82][00][00]0  [00][C8][80][00][04]  [00][80][00][00]0  [04]@[80][02][04]  [00][00][00][00][01]  [00][00][00][00][00]   [00][00][00][00]  [00][00][80][00][00]  [00][00][00][00][10]  [00][00][80][00][00]  [00][00][00][00][00]  [00]@[03][00][00]  [00][00][00][00][00]  [00][80]C[00][00]  [00][00][00][00][00]  [00][04]@[00][00]  [00]@[00][00][00]
Band 7: [C0][00][00][00][00]  [80][04][00][00][00]  [88][00][00][00][08]  [80][00][04][00][00]  [C0][00][00][00][80]  [80][00][04][00][02]  [04][00][00][04][08]  B[00][04][00][00]  [04][00][00][00][00]  p[00][00]1[00]  @[00]A[08][08]  a[00][00]b[02]  [00][00][81]H[80]  q[00][00]b[02]  [00][00][C6]H[C0]  [01][00][00]pB  [00][00][07][C0][04]  [01][00][00]p[00]  [00][00]C[04][00]  [00][00][08][00][00]
Band 8: [00][00][00][00][00]  [00][02][00][00][04]  [00][88][00][00][00]  [10]p[00][00][04]  [00][00][00][00][00]  [00][00][00][00][00]  [00][00][00][00][00]  [80][82][00][00][00]  [00][80][01][00][01]  [00]0[00][00][00]  [00][00][00][00][00]  [A2][A0][00][00][08]  [80][00][00][00]@  [80]`[00][00][08]  [00][00][00][00][02]  [00]@[00][04][00]  [00][04][00][00][04]  A[00][00][00][80]  [00][00][00][00][02]  [01][00][00][08][00]
Band 9: [00][00][00][00][00]  [00][00][00][00][00]  [00][04][04][00][01]  [00][00]A[00][00]  [00][00][04][00][02]  [00][01]A[00][00]  [00][00][00][00]C  [00][00]P[00][00]  [04][04][04][04]C  [01]q[81]@[00]  [00][04]D[00]C  [11][01]A[10][00]  [00][00][04][00]B  [00][01]@[00][00]  [00][00][00][00][00]  [00][00][00][00][00]  [00][00][00][00][00]  [00][00][00][00][00]  [00][00][00][00][00]  [00][01][00][00][00]
Band 10: [03][00][00][00][00]  [00][00][01][04][00]  [02][00][00][00][00]  [00][00] [08][00]  @[00][00]A[03]  [00][00][00][C8][08]  [04][04][08][07]A  [00][10][80][C0]@  [84][00][80][87][00]  [00][00][80][C0][08]  [84]@[08][87][00]  [00][00][A0][C8][00]  [80][00][C0][C7][00]  [00]p[80][C0][08]  [04][00][C0][85][00]  [00] [80][88][04]  @[C0][C8]D[00]  [00]B[80][08][04]  @[C0][80][04][00]  [00][00]`[00][00]
Band 11: [80][80][00][00][00]  @[02][00][01][00]  [00][08][00][00]D  [00]r[01]r[00]  [00][00][00][C0][00]  [01]@[01]0[00]  [04][C8][00][00][84]  PB[00][82][00]  [04][C8][00][C8][80]  [00][C2][00][90][00]  D[08][00][80][80]  [10]b[00][00][00]  [04][C0][00][08][00]  [00]@ [80][00]  [04][00][00][00][00]  [01][80][00][00][00]  [00][00][00][00][00]  [00][00][00][00][00]  [00][00][00][00][00]  [00][10][00][00][00]
Band 12: [00][00][00][00][00]  [00][01][01][04][00]  [04][00][04][00][00]  [00][01]q[04][00]  [84][00][00][00][00]  [00][01]p[00][00]  [02][00][00][00][00]  [00][01]q[00][00]  [03][04][04][00][00]  [00][01]p[00][00]  [03]DD[00][00]  [00][10]b[00][00]  [02][00][04][80][C8]  [00][00]s[00]p  [01][00][04][80][C4]  [00][00]q[00]p  [03][00][00][04][C8]  [00][00]q[00]q  [00][00][00]D[00]  [00][00][00][00][00]
Band 13: [00][00][04][03][04]  [00]Aa[00]2  [00][00][04][00][C8]  [00]AA[00][80]  [00][04][04]@[C8]  [00][01]A[00][82]  [04][00][04]@[C8]  [00][01]A[00][82]  [04][00][04]@[C8]  0[00][00][00][82]  D[00]D[00][88]  [01][00][01][00][E2]  [00][00][00]D[C4]   [01][01][00]r  [00][04][04][03][84]  [00]QA[00]s  [04][04][04][01][00]  1[00][00][00]1  [00][00][00][00][00]  [00][01][01][00][00]
Band 14: [00][80]D[00][08]  [02][00][00][00][00]  [00][82][08][00][00]  [00][C0][00][00][00]  @[00][08][03][08]  [02][00][00][00][80]  [00][03][08][00][C8]  [80][C0][00][00][82]  [04][04][08][00]H  @[08][00][00][82]  D@[80][00][08]  @[00]@[00][A0]  [00]D[80][02][C8]  P[08][C0][00][02]  [00]@[84][00][C8]  p[08][C0][00][82]  [00][00]C[00][C8]  [00][00][00][00][00]  [00][00]A[00][C8]  [00][00][00][00][80]
