C (color 5) — binary decode after row compaction
Rows: 710/1000 kept, dot grid: 71x160
Continuous: 14 bands of 5 rows, 20 blocks per band

Band 0: [00][00][00][00][00]  [00][00][00][00][00]  [00][00][00][03][00]  [00][00][00][00][00]  [00][00][03][03][00]  [04][04][00][00][00]  [00][00][00][01][00]  [04][00][00][00][00]  [00][00][00]C[00]  [00][04][00][00][00]  [00][00][00]C[00]  [0C][04][00][00][10]  D[04][00]B[00]  [0C][04][00][00][00]  @[00][00][00][00]  [04][00][00][00][00]  [00][00][00][00][00]  [04][00][00][00][00]  [00][00][00][00][00]  [00][00][00][00][00]
Band 1: [00][00][00][00][00]  [00][00][0C][00][00]  [00][00][00][00][00]  [01][04][04][01][00]  [00][00]@[00][00]  [01][04][00][01][04]  [00][00][00][04][00]  [01][04][08]q[04]  [00][00][00][04]D  q[0C][08]s[0C]  D@[00]D[00]  s[04][04][10][00]  [00][00][00][00][00]  [01][00][04][00][00]  [00][00][00][00][00]  [00][00][00][00][00]  [00][00][00][00][00]  [00][00][00][00][00]  [00][00][00][00][00]  [00][00][00][00][00]
Band 2: [00][00][00][00][00]  [00][00][00][00][00]  [00][00][00][00][00]  [04][00][00][00][00]  [00][00][00][00][00]  [00][00][00][00][00]  [00][00][00][00][00]  [04][00][00][00][00]  [00][00][00][00][00]  [00][00][00][00][00]  [00][00][00][00][00]  [04][00][11][11][10]  [00][04][00][00][00]  [0C][00][00][00][00]  [00][00][00][00][00]  [08][00][00][00][00]  [00][00][00][00][00]  [08][00][00][00][00]  [00][00][00][00][00]  [04][00][00][00][00]
Band 3: [03][00][00][00][00]  [00][01][01][00][0C]  [03][00][00][00][00]  [00][01][01][04][04]  [03][00][00][00][00]  [00][01][01][04][04]  [00][00][00][00][00]  [00][00][01][04][08]  [00][00][00][00][00]  [00][00][01][0C][08]  [00][00][00]EA  [00][10][11][08][08]  [00][00][00]D[00]  [00][00][01][04][08]  [00][00][00][00][00]  [00][00][00][00][04]  [03][00][00][00][00]  [00][00][00][00][04]  [00][00][00][00][00]  [00][00][01][00][00]
Band 4: [00][01][00][00][00]  [00][00][00][00][00]  A[03][00][00][00]  [00][00][00][01][00]  CC[00][00][00]  [00][00][01][01][04]  [00]C[00][04][00]  [00][00][00]q[04]  [00]C[00][04][00]  [00][00][01]s[0C]  [00]C[04]D[00]  [00][00][10]c[04]  G[C7][00][04][04]  [00][00][00]s[04]  G[C7][00][04][00]  [00][00][00]q[04]  [00]C[00][04][00]  [00][00][00]a[00]  [00][00][00][00][00]  [00][00][01][10][00]
Band 5: [00][00][00][00][00]  [00][00][00][01][00]  [00][00][00][04]C  [00][01][00]q[00]  [00][04][00][04]G  [01]1[01]q[00]  [04][84][00][8C]G  [00]sA[F3][00]  [04][CC][04][CC][C7]  [00]sA[F3][00]  DL[04][CC]G  [10]s[10][F3][00]  [04][C4][04][CC]G  [00]sA[F3][00]  [04][8C][00][84]@  [00]q[01]q[00]  [04][04][00][04][00]  [00]1[00]q[00]  [00][00][00][00][00]  [00][01][00][01][00]
Band 6: [03][00][04][00][00]  [00][01]s[00][00]  [03][00][04][00][00]  [00][01]s[04][00]  C[00][04][00][00]  [00][01]q[00][00]  [01][00][00][00][00]  [00][00]1[00][00]  [00][00][00][00][00]  [00][00][01][00][0C]  [00][00][00][00][00]  [00][00][10][00][0C]  [00][00][00][00]F  [00][00][00][00][08]  [00][00][00][00][01]  [00][00][00][00][0C]  [00][00][00][00]@  [00][00][00][00][08]  [00][00][00][00][00]  [00][00][01][00][04]
Band 7: [00][00][00][04][03]  [00][01][01]A[00]  [00][04][04][04][00]  [00]3[01][01][00]  [00][0C][04][04][00]  [00]qqq[00]  [00][C4][04][04][00]  [00]ssq[00]  [00][CC][84][04][00]  [00]sqA[00]  DDDD[00]  [11]aQQ[00]  [84][04][04][04][00]  [11]qq[01][00]  [84][04][04][04][00]  [01]1q[01][00]  [04][00][00][00][00]  [00]1[00][00][00]  [00][00][00][00][00]  [00][00][00][00][00]
Band 8: [00][00][00][00][00]  [00][00][00][00][00]  [00][00][00][00][00]  [00][00][00][00][00]  [00][00][00][00][00]  [00][00][04][00][00]  [00][00][00][00][00]  [00][00][0C][00][01]  [00][00][00][00][00]  [00][00][08][00][00]  [00][00][00]D[00]  [00][00][00][00][10]  [00][00][00][04][00]  [00][00][00][00][00]  [00][00][01][04][00]  [01][00][08]A[00]  [00][00]C[04][00]  [01][04][08][01][00]  [00][00]A[04][00]  [01][04][08][00][00]
Band 9: [00][00][00][00][00]  [00][00][00][00][00]  [00][00][01][00][00]  [00][00][00][00][01]  [00][01][03][00][00]  [00][00][00][00]q  [00][00]C[00][04]  [01][00][00][01]r  [00][00]C[00][04]  p[00][00]1s  [00][00]C[04]D  [10][00][00][13]C  [00][00]G[04][04]  [00][00][00][01]r  [00][00]C[04][04]  [00][00][00][01]s  [00][00][03][04][04]  [00][00][00]1s  [00][00][03][04][04]  [00][00][00][00][10]
Band 10: [00][00][04][04][00]  [00][08][00]q[00]  [00][00][00][04][00]  [04][08][00][01][00]  [00][00][00][04][00]  [04][00][00]1[00]  @[00][00][04][00]  [0C][08][00]1A  @[00][00][04][04]  [0C][00][00]1A  @[00][00]DD  [04][04][00][11]Q  [00][00][00][04][04]  [0C][04][00]3Q  @[00][00][CC][04]  [04][00][00]sq  [00][00][04][CC][04]  [04][00][00]qq  [00][00][00][04][00]  [04][00][00]!A
Band 11: [00][00][03][00][00]  [00][00][00][00][00]  [04][03]C[00][00]  [01][00][00][00][00]  [04][C7]C[00][00]  A[00][00][01][04]  [04]CA[00][00]  q[00][00][00][04]  [04]G[00][00][00]  a[00][00][01][04]  LG[00][00][00]  [F3][00][00][11][08]  [C4][C7][00][00]G  s[00][00][00][08]  [CC][C7][00][00]@  [F3][00][00][00][00]  [CC][C7][00][00]C  [F3][00][00][00][08]  [CC][C7][00][00][03]  [F1][00][00][00][08]
Band 12: [00][84][00][00][00]  [00]q[00][00][00]  [00][04][00][00][03]  [00][01][00][00][00]  [00][04][00][00][03]  [00][01][00][00][00]  [00][00][00][00][03]  [00][01][00][00][00]  [00][00][00][00][03]  [00][01][00][00][00]  [00][00][00][00]C  [01][10][10][10][00]  [04][00][00][00][03]  [01][01][00][00][00]  [00][04][00][00][00]  [01][01][00][00][00]  [04][00][00][00][00]  [00][00][00][00][00]  [04][00][00][00][00]  [01][01][00][00][00]
Band 13: [00][00][00][83][00]  [01]q[0C][C8][01]  [04][0C]E[C7][04]  s[F2][0C][C8][01]  [04][8C][C7][C7][04]  q[F0][C8][C8][01]  [04][84][C4][C7][04]  qq[0C][C8]Q  [04][00]@[C7][CC]  q1[04][C8]q  D[00][00]GL  [11][11][04][88]Q  [00][00][00]G[04]  [01]![04][08][00]  [00][00][00]C[00]  [00][01][04][0C][00]  [00][00][00][00][00]  [00][01][04][0C][00]  [00][00][00][00][00]  [01][00][04][0C][00]
