Column height profiles after gravity-down (block10, 100x160)
============================================================

BK: sum=6777, min=0, max=100, nonzero=120
  heights: [0, 0, 100, 100, 0, 0, 60, 60, 20, 20, 40, 40, 80, 79, 40, 40, 0, 0, 100, 100, 0, 0, 60, 60, 20, 20, 40, 40, 80, 80, 39, 40, 0, 0, 100, 100, 0, 0, 60, 60, 20, 20, 40, 40, 80, 80, 40, 40, 0, 0, 100, 100, 0, 0, 60, 60, 20, 20, 40, 40, 80, 80, 40, 40, 0, 0, 99, 100, 0, 0, 60, 59, 20, 20, 40, 39, 80, 80, 40, 40, 0, 0, 100, 97, 0, 0, 60, 58, 20, 20, 39, 40, 80, 78, 40, 38, 0, 0, 100, 100, 0, 0, 60, 60, 20, 20, 40, 39, 80, 80, 40, 40, 0, 0, 100, 98, 0, 0, 64, 64, 18, 18, 38, 37, 80, 80, 42, 41, 0, 0, 98, 98, 0, 0, 60, 60, 20, 20, 40, 38, 80, 80, 40, 40, 0, 0, 100, 100, 0, 0, 60, 59, 20, 20, 40, 40, 80, 80, 40, 40]

BD: sum=23, min=0, max=3, nonzero=16
  heights: [0, 0, 0, 0, 0, 0, 0, 0, 0, 0, 0, 0, 0, 1, 0, 0, 0, 0, 0, 0, 0, 0, 0, 0, 0, 0, 0, 0, 0, 0, 1, 0, 0, 0, 0, 0, 0, 0, 0, 0, 0, 0, 0, 0, 0, 0, 0, 0, 0, 0, 0, 0, 0, 0, 0, 0, 0, 0, 0, 0, 0, 0, 0, 0, 0, 0, 1, 0, 0, 0, 0, 1, 0, 0, 0, 1, 0, 0, 0, 0, 0, 0, 0, 3, 0, 0, 0, 2, 0, 0, 1, 0, 0, 2, 0, 2, 0, 0, 0, 0, 0, 0, 0, 0, 0, 0, 0, 1, 0, 0, 0, 0, 0, 0, 0, 2, 0, 0, 0, 0, 0, 0, 0, 1, 0, 0, 0, 1, 0, 0, 0, 0, 0, 0, 0, 0, 0, 0, 0, 2, 0, 0, 0, 0, 0, 0, 0, 0, 0, 0, 0, 1, 0, 0, 0, 0, 0, 0, 0, 0]

G: sum=27, min=0, max=1, nonzero=27
  heights: [0, 0, 0, 0, 0, 1, 0, 0, 0, 0, 0, 0, 0, 0, 1, 0, 1, 1, 0, 0, 1, 0, 0, 0, 0, 1, 0, 1, 0, 0, 0, 0, 0, 0, 0, 0, 0, 0, 0, 0, 0, 1, 0, 0, 0, 0, 0, 0, 1, 0, 0, 0, 0, 0, 0, 0, 0, 0, 1, 0, 0, 0, 1, 0, 0, 0, 0, 0, 0, 0, 0, 0, 1, 0, 0, 0, 0, 0, 1, 0, 1, 1, 0, 0, 0, 0, 0, 0, 1, 1, 1, 0, 0, 0, 0, 1, 1, 1, 0, 0, 1, 0, 0, 0, 0, 1, 1, 1, 0, 0, 0, 0, 0, 0, 0, 0, 0, 0, 0, 0, 0, 0, 0, 0, 0, 0, 0, 0, 0, 0, 0, 0, 0, 0, 0, 0, 0, 0, 0, 0, 0, 0, 0, 0, 0, 0, 0, 0, 0, 0, 0, 0, 0, 0, 1, 1, 0, 0, 0, 0]

BL: sum=7063, min=0, max=99, nonzero=142
  heights: [93, 97, 0, 0, 99, 86, 31, 31, 77, 69, 53, 54, 15, 8, 53, 38, 91, 86, 0, 0, 90, 77, 28, 27, 73, 64, 43, 42, 14, 3, 52, 33, 86, 79, 0, 0, 94, 71, 24, 22, 72, 58, 42, 43, 15, 3, 57, 26, 86, 80, 0, 0, 92, 67, 27, 24, 68, 55, 43, 41, 11, 3, 46, 30, 85, 77, 0, 0, 91, 63, 27, 24, 67, 53, 35, 36, 7, 3, 50, 27, 89, 53, 0, 0, 89, 60, 26, 25, 67, 53, 43, 18, 11, 4, 46, 27, 80, 70, 0, 0, 94, 55, 23, 26, 73, 55, 38, 40, 7, 5, 49, 29, 83, 79, 0, 0, 94, 68, 25, 22, 75, 62, 45, 45, 11, 7, 51, 31, 91, 82, 2, 2, 95, 74, 30, 29, 76, 68, 45, 45, 13, 7, 56, 40, 95, 89, 0, 0, 98, 87, 34, 33, 78, 75, 53, 53, 15, 10, 60, 38]

B: sum=885, min=0, max=17, nonzero=138
  heights: [4, 2, 0, 0, 1, 7, 4, 3, 1, 4, 2, 1, 0, 7, 4, 8, 6, 7, 0, 0, 7, 9, 3, 1, 4, 9, 11, 11, 3, 7, 3, 7, 9, 11, 0, 0, 4, 12, 3, 4, 5, 9, 7, 6, 3, 3, 3, 10, 7, 11, 0, 0, 7, 15, 7, 7, 10, 9, 2, 4, 2, 3, 8, 7, 8, 10, 0, 0, 5, 17, 6, 9, 10, 10, 9, 9, 3, 2, 3, 10, 9, 17, 0, 0, 7, 15, 7, 6, 9, 14, 10, 8, 3, 1, 6, 10, 13, 15, 0, 0, 4, 14, 7, 6, 5, 14, 11, 8, 6, 1, 5, 11, 10, 10, 0, 0, 3, 13, 6, 7, 6, 10, 7, 7, 4, 3, 4, 8, 6, 11, 0, 0, 3, 11, 4, 5, 2, 5, 5, 6, 2, 3, 1, 7, 3, 8, 0, 0, 1, 5, 3, 3, 1, 2, 3, 2, 2, 2, 0, 4]

C: sum=1169, min=0, max=31, nonzero=137
  heights: [3, 1, 0, 0, 0, 6, 5, 6, 2, 7, 5, 5, 5, 3, 2, 14, 2, 6, 0, 0, 2, 14, 9, 12, 3, 6, 6, 6, 3, 8, 5, 19, 5, 10, 0, 0, 2, 17, 13, 14, 3, 12, 11, 11, 2, 10, 0, 22, 6, 9, 0, 0, 1, 18, 6, 9, 2, 16, 14, 15, 7, 10, 5, 22, 7, 13, 0, 0, 4, 20, 7, 7, 2, 17, 16, 15, 10, 9, 6, 23, 1, 29, 0, 0, 4, 25, 7, 9, 3, 12, 6, 30, 6, 10, 8, 21, 6, 14, 0, 0, 1, 31, 10, 8, 2, 10, 10, 11, 7, 9, 6, 18, 7, 11, 0, 0, 3, 19, 5, 7, 1, 10, 10, 10, 4, 7, 3, 19, 3, 7, 0, 0, 2, 15, 6, 6, 2, 7, 10, 9, 5, 6, 3, 12, 2, 3, 0, 0, 1, 8, 3, 4, 1, 3, 3, 4, 3, 6, 0, 12]

M: sum=56, min=0, max=6, nonzero=19
  heights: [0, 0, 0, 0, 0, 0, 0, 0, 0, 0, 0, 0, 0, 2, 0, 0, 0, 0, 0, 0, 0, 0, 0, 0, 0, 0, 0, 0, 0, 2, 0, 1, 0, 0, 0, 0, 0, 0, 0, 0, 0, 0, 0, 0, 0, 4, 0, 2, 0, 0, 0, 0, 0, 0, 0, 0, 0, 0, 0, 0, 0, 4, 0, 1, 0, 0, 0, 0, 0, 0, 0, 0, 0, 0, 0, 0, 0, 6, 0, 0, 0, 0, 0, 0, 0, 0, 0, 0, 0, 0, 0, 4, 0, 5, 0, 1, 0, 0, 0, 0, 0, 0, 0, 0, 0, 0, 0, 0, 0, 5, 0, 2, 0, 0, 0, 0, 0, 0, 0, 0, 0, 0, 0, 0, 1, 3, 0, 0, 0, 0, 0, 0, 0, 0, 0, 0, 0, 0, 0, 0, 0, 4, 0, 1, 0, 0, 0, 0, 0, 0, 0, 0, 0, 0, 0, 0, 0, 2, 0, 6]

