Column height profiles after gravity-down (dot20, 50x80)
============================================================

BK: sum=1700, min=0, max=50, nonzero=60
  heights: [0, 50, 0, 30, 10, 20, 40, 20, 0, 50, 0, 30, 10, 20, 40, 20, 0, 50, 0, 30, 10, 20, 40, 20, 0, 50, 0, 30, 10, 20, 40, 20, 0, 50, 0, 30, 10, 20, 40, 20, 0, 50, 0, 30, 10, 20, 40, 20, 0, 50, 0, 30, 10, 20, 40, 20, 0, 50, 0, 32, 9, 19, 40, 21, 0, 49, 0, 30, 10, 20, 40, 20, 0, 50, 0, 30, 10, 20, 40, 20]

G: sum=4, min=0, max=1, nonzero=4
  heights: [0, 0, 0, 0, 0, 0, 0, 0, 1, 0, 0, 0, 0, 0, 0, 0, 0, 0, 0, 0, 0, 0, 0, 0, 0, 0, 0, 0, 0, 0, 0, 0, 0, 0, 0, 0, 0, 0, 0, 0, 0, 0, 0, 0, 0, 0, 0, 0, 1, 0, 0, 0, 0, 1, 0, 0, 0, 0, 0, 0, 0, 0, 0, 0, 0, 0, 0, 0, 0, 0, 0, 0, 0, 0, 0, 0, 0, 1, 0, 0]

BL: sum=2040, min=0, max=50, nonzero=71
  heights: [49, 0, 50, 19, 40, 29, 7, 27, 47, 0, 46, 15, 38, 26, 6, 27, 45, 0, 48, 13, 38, 26, 7, 29, 45, 0, 43, 15, 34, 26, 5, 23, 48, 0, 44, 17, 35, 24, 4, 23, 43, 0, 42, 16, 35, 18, 5, 23, 45, 0, 46, 17, 36, 21, 5, 25, 47, 0, 46, 16, 40, 26, 7, 24, 49, 1, 46, 19, 38, 26, 7, 28, 49, 0, 50, 20, 39, 29, 8, 30]

B: sum=89, min=0, max=4, nonzero=48
  heights: [1, 0, 0, 1, 0, 1, 0, 1, 1, 0, 1, 1, 1, 3, 0, 1, 1, 0, 0, 1, 0, 2, 1, 1, 3, 0, 3, 3, 4, 0, 1, 1, 1, 0, 3, 2, 3, 3, 0, 0, 3, 0, 3, 4, 3, 4, 0, 1, 3, 0, 0, 0, 2, 4, 1, 1, 2, 0, 0, 0, 0, 2, 2, 1, 1, 0, 1, 1, 1, 2, 1, 0, 1, 0, 0, 0, 0, 0, 0, 0]

C: sum=167, min=0, max=8, nonzero=56
  heights: [0, 0, 0, 0, 0, 0, 3, 2, 1, 0, 3, 4, 1, 1, 4, 2, 4, 0, 2, 6, 2, 2, 2, 0, 2, 0, 4, 2, 2, 4, 4, 6, 1, 0, 3, 1, 2, 3, 6, 7, 4, 0, 5, 0, 2, 8, 5, 6, 1, 0, 4, 3, 2, 4, 4, 4, 1, 0, 4, 2, 1, 3, 1, 4, 0, 0, 3, 0, 1, 2, 2, 2, 0, 0, 0, 0, 1, 0, 2, 0]

