================================================================================
METHOD 11: Content Tape (cyan)
================================================================================

Only cyan content pixels as binary tape.
8-track row-major: 5 rows × 8 bits = 5 bytes per block.

Total frames: 2000
Printable ASCII: 167 (8.3%)
Alpha letters: 141 (7.0%)
Unique byte values: 19


--------------------------------------------------------------------------------
RAW FRAMES (hex)
--------------------------------------------------------------------------------

0000: 00 00 00 00 00 00 00 00 00 00 00 00 00 00 00 00   ................
0010: 00 00 00 00 00 00 00 00 00 04 04 00 00 00 00 00   ................
0020: 00 00 00 04 00 00 00 00 00 00 00 00 00 00 04 00   ................
0030: 00 00 00 00 00 00 00 0C 04 00 00 00 44 04 00 00   ............D...
0040: 00 0C 04 00 00 00 40 00 00 00 00 04 00 00 00 00   ......@.........
0050: 00 00 00 00 00 04 00 00 00 00 00 00 00 00 00 00   ................
0060: 00 00 00 00 00 00 00 00 00 00 00 00 00 00 00 00   ................
0070: 03 00 00 00 00 00 00 01 00 03 03 00 00 00 00 00   ................
0080: 00 01 00 00 01 00 00 00 00 00 00 01 00 00 43 00   ..............C.
0090: 00 00 00 00 00 71 00 00 43 00 44 00 00 00 10 73   .....q..C.D....s
00A0: 00 00 42 00 00 00 00 00 00 01 00 00 00 00 00 00   ..B.............
00B0: 00 00 00 00 00 00 00 00 00 00 00 00 00 00 00 00   ................
00C0: 00 00 00 00 00 00 00 00 00 00 00 00 00 00 0C 00   ................
00D0: 00 00 00 00 00 00 00 04 04 00 00 00 00 40 00 00   .............@..
00E0: 00 04 00 00 00 00 00 00 00 00 00 04 08 00 00 00   ................
00F0: 00 00 00 00 00 0C 08 00 00 00 40 00 00 00 00 04   ..........@.....
0100: 04 00 00 00 00 00 00 00 00 00 04 00 00 00 00 00   ................
0110: 00 00 00 00 00 00 00 00 00 00 00 00 00 00 00 00   ................
0120: 00 00 00 00 00 00 00 00 00 00 00 00 00 00 00 00   ................
0130: 00 00 00 00 00 00 00 00 00 00 00 00 00 00 00 01   ................
0140: 00 00 00 00 00 00 00 00 00 01 00 00 00 00 04 00   ................
0150: 00 00 00 71 00 00 00 00 04 00 00 00 00 73 00 00   ...q.........s..
0160: 00 00 44 00 00 00 00 10 00 00 00 00 00 00 00 00   ..D.............
0170: 00 00 00 00 00 00 00 00 00 00 00 00 00 00 00 00   ................
0180: 00 00 00 00 00 00 00 00 00 00 00 00 00 00 00 00   ................
0190: 00 00 00 00 00 00 00 00 00 00 00 00 00 00 00 00   ................
01A0: 04 00 00 00 00 00 00 00 00 04 00 00 00 00 00 00   ................
01B0: 00 00 00 04 04 00 00 00 44 00 00 00 00 0C 00 00   ........D.......
01C0: 00 00 00 00 00 00 00 00 04 00 11 11 00 00 04 00   ................
01D0: 00 00 0C 00 00 00 00 00 00 00 00 00 08 00 00 00   ................
01E0: 00 00 00 00 00 00 08 00 00 00 00 00 00 00 00 00   ................
01F0: 04 00 00 00 00 00 03 00 00 00 00 00 01 01 00 00   ................
0200: 03 00 00 00 00 00 01 01 00 00 03 00 00 00 00 00   ................
0210: 01 01 00 00 00 00 00 00 00 00 00 01 00 00 00 00   ................
0220: 00 00 00 00 00 01 00 00 00 00 00 10 00 00 10 11   ................
0230: 00 00 00 00 00 00 00 00 00 01 00 00 00 00 00 00   ................
0240: 00 00 00 00 00 00 03 00 00 00 00 00 00 00 00 00   ................
0250: 00 00 00 00 00 00 00 01 00 00 00 00 00 00 0C 00   ................
0260: 00 00 00 00 00 00 00 04 04 00 00 00 00 00 00 00   ................
0270: 00 04 04 00 00 00 00 00 00 00 00 04 08 00 00 00   ................
0280: 00 00 00 00 00 0C 08 00 00 00 45 41 00 00 00 08   ..........EA....
0290: 08 00 00 00 44 00 00 00 00 04 08 00 00 00 00 00   ....D...........
02A0: 00 00 00 00 04 00 00 00 00 00 00 00 00 00 04 00   ................
02B0: 00 00 00 00 00 00 00 00 00 00 00 00 00 00 01 00   ................
02C0: 00 00 00 00 00 00 00 41 03 00 00 00 00 00 00 01   .......A........
02D0: 00 43 43 00 00 00 00 00 01 01 00 00 43 00 04 00   .CC.........C...
02E0: 00 00 00 71 00 00 43 00 04 00 00 00 01 73 00 00   ...q..C......s..
02F0: 43 04 44 00 00 00 10 63 00 47 C7 00 04 00 00 00   C.D....c.G......
0300: 00 73 00 47 C7 00 04 00 00 00 00 71 00 00 43 00   .s.G.......q..C.
0310: 04 00 00 00 00 61 00 00 00 00 00 00 00 00 01 10   .....a..........
0320: 00 00 00 00 00 00 00 00 00 00 00 00 00 00 00 00   ................
0330: 00 00 01 00 00 00 00 04 00 04 00 01 31 01 00 00   ............1...
0340: 04 84 00 04 00 00 73 41 00 00 04 CC 04 0C 00 00   ......sA........
0350: 73 41 00 00 44 4C 04 04 00 10 73 10 04 00 04 C4   sA..DL....s.....
0360: 04 04 00 00 73 41 00 00 04 8C 00 04 00 00 71 01   ....sA........q.
0370: 00 00 04 04 00 00 00 00 31 00 00 00 00 00 00 00   ........1.......
0380: 00 00 01 00 00 00 03 00 04 01 00 00 01 73 04 43   .............s.C
0390: 03 00 04 71 00 00 01 73 04 47 43 00 04 71 00 00   ...q...s.GC..q..
03A0: 01 71 8C 47 01 00 00 F3 00 00 00 31 CC C7 00 00   .q.G.......1....
03B0: 00 F3 00 00 00 01 CC 47 00 00 00 F3 00 00 00 10   .......G........
03C0: CC 47 00 00 00 F3 00 00 00 00 84 40 00 00 00 71   .G.........@...q
03D0: 00 00 00 00 04 00 00 00 00 71 00 00 00 00 00 00   .........q......
03E0: 00 00 00 01 00 00 00 01 00 00 00 00 00 00 00 00   ................
03F0: 01 01 00 00 00 04 04 04 00 00 33 01 00 00 00 0C   ..........3.....
0400: 04 00 00 00 71 71 00 00 00 C4 04 00 00 00 73 73   ....qq........ss
0410: 00 00 00 CC 84 00 0C 00 73 71 00 00 44 44 44 00   ........sq..DDD.
0420: 0C 11 61 51 00 46 84 04 04 00 08 11 71 71 00 01   ..aQ.F......qq..
0430: 84 04 04 00 0C 01 31 71 00 40 04 00 00 00 08 00   ......1q.@......
0440: 31 00 00 00 00 00 00 00 04 00 00 00 04 03 00 00   1...............
0450: 00 41 00 00 00 00 04 00 00 00 00 01 00 00 00 00   .A..............
0460: 04 00 00 00 00 71 00 00 00 00 04 00 00 00 00 71   .....q.........q
0470: 00 00 00 00 04 00 00 00 00 41 00 00 00 00 44 00   .........A....D.
0480: 00 00 00 51 00 00 00 00 04 00 00 00 00 01 00 00   ...Q............
0490: 00 00 04 00 00 00 00 01 00 00 00 01 00 00 00 00   ................
04A0: 00 00 00 00 00 01 00 00 00 00 00 00 00 00 00 01   ................
04B0: 00 00 00 00 00 00 00 00 00 00 00 00 00 00 00 00   ................
04C0: 00 00 00 00 00 00 00 00 00 00 04 00 00 00 00 00   ................
04D0: 00 00 00 00 0C 00 01 01 00 00 00 00 00 00 08 00   ................
04E0: 00 70 00 00 44 00 00 00 00 00 10 10 00 00 04 00   .p..D...........
04F0: 00 00 00 00 00 00 00 01 04 00 00 00 08 41 00 00   .............A..
0500: 00 43 04 00 00 04 08 01 00 00 00 41 04 00 00 04   .C.........A....
0510: 08 00 00 00 00 00 00 00 00 00 00 00 00 00 00 00   ................
0520: 01 00 00 00 00 00 00 01 00 01 03 00 00 00 00 00   ................
0530: 00 71 00 00 43 00 04 00 00 00 01 72 00 00 43 00   .q..C......r..C.
0540: 04 00 00 00 31 73 00 00 43 04 44 00 00 00 13 43   ....1s..C.D....C
0550: 00 00 47 04 04 00 00 00 01 72 00 00 43 04 04 00   ..G......r..C...
0560: 00 00 01 73 00 00 03 04 04 00 00 00 31 73 00 00   ...s........1s..
0570: 03 04 04 00 00 00 00 10 00 00 04 04 00 00 08 00   ................
0580: 71 00 00 00 00 04 00 04 08 00 01 00 00 00 00 04   q...............
0590: 00 04 00 00 31 00 40 00 00 04 00 0C 08 00 31 41   ....1.@.......1A
05A0: 40 00 00 04 04 0C 00 00 31 41 40 00 00 44 44 04   @.......1A@..DD.
05B0: 04 00 11 51 00 00 00 04 04 0C 04 00 33 51 40 00   ...Q........3Q@.
05C0: 00 CC 04 04 00 00 73 71 00 00 04 CC 04 04 00 00   ......sq........
05D0: 71 71 00 00 00 04 00 04 00 00 21 41 00 00 03 00   qq........!A....
05E0: 00 00 00 00 00 00 04 03 43 00 00 01 00 00 00 00   ........C.......
05F0: 04 C7 43 00 00 41 00 00 00 01 04 43 41 00 00 71   ..C..A.....CA..q
0600: 00 00 00 00 04 47 00 00 00 61 00 00 00 01 4C 47   .....G...a....LG
0610: 00 00 00 F3 00 00 00 11 C4 C7 00 00 00 73 00 00   .............s..
0620: 00 00 CC C7 00 00 00 F3 00 00 00 00 CC C7 00 00   ................
0630: 00 F3 00 00 00 00 CC C7 00 00 00 F1 00 00 00 00   ................
0640: 00 00 00 84 00 00 00 00 71 00 00 00 00 04 00 00   ........q.......
0650: 00 00 01 00 00 00 00 04 00 00 04 00 01 00 00 00   ................
0660: 00 00 00 00 04 00 01 00 00 00 00 00 00 00 04 00   ................
0670: 01 00 00 00 00 00 00 00 08 01 10 10 00 47 04 00   .............G..
0680: 00 00 08 01 01 00 00 40 00 04 00 00 00 01 01 00   .......@........
0690: 00 43 04 00 00 00 08 00 00 00 00 03 04 00 00 00   .C..............
06A0: 08 01 01 00 00 00 00 00 00 00 00 00 01 71 00 00   .............q..
06B0: 03 04 0C 00 00 00 73 F2 00 00 03 04 8C 00 00 00   ......s.........
06C0: 71 F0 00 00 03 04 84 00 00 00 71 71 00 00 03 04   q.........qq....
06D0: 00 00 00 00 71 31 00 00 43 44 00 10 00 00 11 11   ....q1..CD......
06E0: 00 00 03 00 00 00 00 00 01 21 00 00 00 00 00 00   .........!......
06F0: 00 00 00 01 00 00 00 00 00 00 00 00 00 01 00 00   ................
0700: 00 00 00 00 00 00 01 00 00 83 00 00 00 0C C8 01   ................
0710: 00 00 45 C7 04 00 00 0C C8 01 00 00 C7 C7 04 00   ..E.............
0720: 00 C8 C8 01 00 00 C4 C7 04 00 00 0C C8 51 00 00   .............Q..
0730: 40 C7 CC 00 00 04 C8 71 00 00 00 47 4C 00 00 04   @......q...GL...
0740: 88 51 00 00 00 47 04 00 00 04 08 00 00 00 00 43   .Q...G.........C
0750: 00 00 00 04 0C 00 00 00 00 00 00 00 00 04 0C 00   ................
0760: 00 00 00 00 00 00 00 04 0C 00 00 00 00 00 00 00   ................
0770: C4 00 00 00 00 F3 00 00 00 00 CC 00 00 00 00 F3   ................
0780: 00 00 00 00 C4 00 00 00 00 70 00 00 00 00 04 00   .........p......
0790: 00 00 00 71 00 00 00 00 04 00 00 00 00 71 00 00   ...q.........q..
07A0: 00 00 44 00 00 00 00 42 00 00 00 00 04 00 00 00   ..D....B........
07B0: 00 F0 00 00 00 00 04 00 00 00 00 71 00 00 00 00   ...........q....
07C0: 04 00 00 00 00 F2 00 00 00 00 04 00 00 00 00 70   ...............p

--------------------------------------------------------------------------------
DECODED TEXT
--------------------------------------------------------------------------------

[00][00][00][00][00][00][00][00][00][00][00][00][00][00][00][00][00][00][00][00][00][00][00][00][00][04][04][00][00][00][00][00][00][00][00][04][00][00][00][00][00][00][00][00][00][00][04][00][00][00][00][00][00][00][00][0C][04][00][00][00]D[04][00][00][00][0C][04][00][00][00]@[00][00][00][00][04][00][00][00][00][00][00][00][00][00][04][00][00][00][00][00][00][00][00][00][00][00][00][00][00][00][00][00][00][00][00][00][00][00][00][00][00][03][00][00][00][00][00][00][01][00][03][03][00][00][00][00][00][00][01][00][00][01][00][00][00][00][00][00][01][00][00]C[00][00][00][00][00][00]q[00][00]C[00]D[00][00][00][10]s[00][00]B[00][00][00][00][00][00][01][00][00][00][00][00][00][00][00][00][00][00][00][00][00][00][00][00][00][00][00][00][00][00][00][00][00][00][00][00][00][00][00][00][00][00][00][0C][00][00][00][00][00][00][00][00][04][04][00][00][00][00]@[00][00][00][04][00][00][00][00][00][00][00][00][00][04][08][00][00][00][00][00][00][00][00][0C][08][00][00][00]@[00][00][00][00][04][04][00][00][00][00][00][00][00][00][00][04][00][00][00][00][00][00][00][00][00][00][00][00][00][00][00][00][00][00][00][00][00][00][00][00][00][00][00][00][00][00][00][00][00][00][00][00][00][00][00][00][00][00][00][00][00][00][00][00][00][00][00][00][01][00][00][00][00][00][00][00][00][00][01][00][00][00][00][04][00][00][00][00]q[00][00][00][00][04][00][00][00][00]s[00][00][00][00]D[00][00][00][00][10][00][00][00][00][00][00][00][00][00][00][00][00][00][00][00][00][00][00][00][00][00][00][00][00][00][00][00][00][00][00][00][00][00][00][00][00][00][00][00][00][00][00][00][00][00][00][00][00][00][00][00][00][00][00][00][00][04][00][00][00][00][00][00][00][00][04][00][00][00][00][00][00][00][00][00][04][04][00][00][00]D[00][00][00][00][0C][00][00][00][00][00][00][00][00][00][00][04][00][11][11][00][00][04][00][00][00][0C][00][00][00][00][00][00][00][00][00][08][00][00][00][00][00][00][00][00][00][08][00][00][00][00][00][00][00][00][00][04][00][00][00][00][00][03][00][00][00][00][00][01][01][00][00][03][00][00][00][00][00][01][01][00][00][03][00][00][00][00][00][01][01][00][00][00][00][00][00][00][00][00][01][00][00][00][00][00][00][00][00][00][01][00][00][00][00][00][10][00][00][10][11][00][00][00][00][00][00][00][00][00][01][00][00][00][00][00][00][00][00][00][00][00][00][03][00][00][00][00][00][00][00][00][00][00][00][00][00][00][00][00][01][00][00][00][00][00][00][0C][00][00][00][00][00][00][00][00][04][04][00][00][00][00][00][00][00][00][04][04][00][00][00][00][00][00][00][00][04][08][00][00][00][00][00][00][00][00][0C][08][00][00][00]EA[00][00][00][08][08][00][00][00]D[00][00][00][00][04][08][00][00][00][00][00][00][00][00][00][04][00][00][00][00][00][00][00][00][00][04][00][00][00][00][00][00][00][00][00][00][00][00][00][00][00][01][00][00][00][00][00][00][00][00]A[03][00][00][00][00][00][00][01][00]CC[00][00][00][00][00][01][01][00][00]C[00][04][00][00][00][00]q[00][00]C[00][04][00][00][00][01]s[00][00]C[04]D[00][00][00][10]c[00]G[C7][00][04][00][00][00][00]s[00]G[C7][00][04][00][00][00][00]q[00][00]C[00][04][00][00][00][00]a[00][00][00][00][00][00][00][00][01][10][00][00][00][00][00][00][00][00][00][00][00][00][00][00][00][00][00][00][01][00][00][00][00][04][00][04][00][01]1[01][00][00][04][84][00][04][00][00]sA[00][00][04][CC][04][0C][00][00]sA[00][00]DL[04][04][00][10]s[10][04][00][04][C4][04][04][00][00]sA[00][00][04][8C][00][04][00][00]q[01][00][00][04][04][00][00][00][00]1[00][00][00][00][00][00][00][00][00][01][00][00][00][03][00][04][01][00][00][01]s[04]C[03][00][04]q[00][00][01]s[04]GC[00][04]q[00][00][01]q[8C]G[01][00][00][F3][00][00][00]1[CC][C7][00][00][00][F3][00][00][00][01][CC]G[00][00][00][F3][00][00][00][10][CC]G[00][00][00][F3][00][00][00][00][84]@[00][00][00]q[00][00][00][00][04][00][00][00][00]q[00][00][00][00][00][00][00][00][00][01][00][00][00][01][00][00][00][00][00][00][00][00][01][01][00][00][00][04][04][04][00][00]3[01][00][00][00][0C][04][00][00][00]qq[00][00][00][C4][04][00][00][00]ss[00][00][00][CC][84][00][0C][00]sq[00][00]DDD[00][0C][11]aQ[00]F[84][04][04][00][08][11]qq[00][01][84][04][04][00][0C][01]1q[00]@[04][00][00][00][08][00]1[00][00][00][00][00][00][00][04][00][00][00][04][03][00][00][00]A[00][00][00][00][04][00][00][00][00][01][00][00][00][00][04][00][00][00][00]q[00][00][00][00][04][00][00][00][00]q[00][00][00][00][04][00][00][00][00]A[00][00][00][00]D[00][00][00][00]Q[00][00][00][00][04][00][00][00][00][01][00][00][00][00][04][00][00][00][00][01][00][00][00][01][00][00][00][00][00][00][00][00][00][01][00][00][00][00][00][00][00][00][00][01][00][00][00][00][00][00][00][00][00][00][00][00][00][00][00][00][00][00][00][00][00][00][00][00][00][00][04][00][00][00][00][00][00][00][00][00][0C][00][01][01][00][00][00][00][00][00][08][00][00]p[00][00]D[00][00][00][00][00][10][10][00][00][04][00][00][00][00][00][00][00][00][01][04][00][00][00][08]A[00][00][00]C[04][00][00][04][08][01][00][00][00]A[04][00][00][04][08][00][00][00][00][00][00][00][00][00][00][00][00][00][00][00][01][00][00][00][00][00][00][01][00][01][03][00][00][00][00][00][00]q[00][00]C[00][04][00][00][00][01]r[00][00]C[00][04][00][00][00]1s[00][00]C[04]D[00][00][00][13]C[00][00]G[04][04][00][00][00][01]r[00][00]C[04][04][00][00][00][01]s[00][00][03][04][04][00][00][00]1s[00][00][03][04][04][00][00][00][00][10][00][00][04][04][00][00][08][00]q[00][00][00][00][04][00][04][08][00][01][00][00][00][00][04][00][04][00][00]1[00]@[00][00][04][00][0C][08][00]1A@[00][00][04][04][0C][00][00]1A@[00][00]DD[04][04][00][11]Q[00][00][00][04][04][0C][04][00]3Q@[00][00][CC][04][04][00][00]sq[00][00][04][CC][04][04][00][00]qq[00][00][00][04][00][04][00][00]!A[00][00][03][00][00][00][00][00][00][00][04][03]C[00][00][01][00][00][00][00][04][C7]C[00][00]A[00][00][00][01][04]CA[00][00]q[00][00][00][00][04]G[00][00][00]a[00][00][00][01]LG[00][00][00][F3][00][00][00][11][C4][C7][00][00][00]s[00][00][00][00][CC][C7][00][00][00][F3][00][00][00][00][CC][C7][00][00][00][F3][00][00][00][00][CC][C7][00][00][00][F1][00][00][00][00][00][00][00][84][00][00][00][00]q[00][00][00][00][04][00][00][00][00][01][00][00][00][00][04][00][00][04][00][01][00][00][00][00][00][00][00][04][00][01][00][00][00][00][00][00][00][04][00][01][00][00][00][00][00][00][00][08][01][10][10][00]G[04][00][00][00][08][01][01][00][00]@[00][04][00][00][00][01][01][00][00]C[04][00][00][00][08][00][00][00][00][03][04][00][00][00][08][01][01][00][00][00][00][00][00][00][00][00][01]q[00][00][03][04][0C][00][00][00]s[F2][00][00][03][04][8C][00][00][00]q[F0][00][00][03][04][84][00][00][00]qq[00][00][03][04][00][00][00][00]q1[00][00]CD[00][10][00][00][11][11][00][00][03][00][00][00][00][00][01]![00][00][00][00][00][00][00][00][00][01][00][00][00][00][00][00][00][00][00][01][00][00][00][00][00][00][00][00][01][00][00][83][00][00][00][0C][C8][01][00][00]E[C7][04][00][00][0C][C8][01][00][00][C7][C7][04][00][00][C8][C8][01][00][00][C4][C7][04][00][00][0C][C8]Q[00][00]@[C7][CC][00][00][04][C8]q[00][00][00]GL[00][00][04][88]Q[00][00][00]G[04][00][00][04][08][00][00][00][00]C[00][00][00][04][0C][00][00][00][00][00][00][00][00][04][0C][00][00][00][00][00][00][00][00][04][0C][00][00][00][00][00][00][00][C4][00][00][00][00][F3][00][00][00][00][CC][00][00][00][00][F3][00][00][00][00][C4][00][00][00][00]p[00][00][00][00][04][00][00][00][00]q[00][00][00][00][04][00][00][00][00]q[00][00][00][00]D[00][00][00][00]B[00][00][00][00][04][00][00][00][00][F0][00][00][00][00][04][00][00][00][00]q[00][00][00][00][04][00][00][00][00][F2][00][00][00][00][04][00][00][00][00]p

--------------------------------------------------------------------------------
ALL UNIQUE BYTE STATS
--------------------------------------------------------------------------------

  0x21    !:    2 ##
  0x31    1:   11 ###########
  0x33    3:    2 ##
  0x40    @:   11 ###########
  0x41    A:   14 ##############
  0x42    B:    2 ##
  0x43    C:   22 ######################
  0x44    D:   17 #################
  0x45    E:    2 ##
  0x46    F:    1 #
  0x47    G:   12 ############
  0x4C    L:    3 ###
  0x51    Q:    6 ######
  0x61    a:    3 ###
  0x63    c:    1 #
  0x70    p:    3 ###
  0x71    q:   34 ##################################
  0x72    r:    2 ##
  0x73    s:   19 ###################
