METHOD 4: 5-Track Baudot (right_side, content_all)
================================================================================

Columns used as tracks: right_side = [3, 4, 5, 6, 7]
Each row = 1 Baudot/ITA2 frame (5 bits)
Total frames: 2000

--- RAW FRAMES (hex) ---
00 00 00 00 00 00 00 00 00 00 00 00 00 00 00 04 04 00 00 00 
00 00 00 00 00 04 04 00 00 00 00 00 00 00 00 04 04 00 00 00 
00 00 00 00 00 0C 04 00 00 00 00 00 00 00 00 0C 04 00 00 00 
04 04 00 00 00 0C 04 00 00 00 00 00 00 00 00 0C 04 00 00 00 
00 00 00 00 00 04 00 00 00 00 00 00 00 00 00 00 00 00 00 00 
00 00 00 00 00 00 00 00 00 00 00 00 03 00 00 00 00 00 00 01 
00 03 03 00 04 00 00 00 00 01 00 00 03 00 00 00 00 00 00 01 
00 01 03 00 04 00 00 00 00 11 00 00 03 00 04 00 00 00 10 13 
00 00 03 00 00 00 00 00 00 01 00 00 03 00 00 00 00 00 00 00 
00 00 00 00 00 00 00 00 00 00 00 00 00 00 00 00 00 00 00 00 
00 00 00 00 00 04 0C 00 00 00 00 00 00 00 00 04 0C 00 00 00 
00 00 00 00 00 04 04 00 00 00 00 01 00 00 00 04 0C 00 00 00 
00 03 00 00 00 0C 0C 00 00 00 00 00 00 00 00 04 0C 00 10 00 
00 00 00 00 00 04 0C 00 01 00 00 00 00 00 00 00 00 00 00 00 
00 00 00 00 00 00 04 00 00 00 00 00 00 00 00 00 00 00 00 00 
00 00 00 00 00 00 00 00 00 01 00 00 00 00 00 00 00 00 00 11 
00 00 00 00 04 00 00 00 01 11 00 00 00 04 04 00 00 00 00 13 
00 00 00 00 04 00 00 00 01 13 00 00 00 00 04 00 00 00 10 11 
00 00 00 00 00 00 00 00 00 01 00 00 00 00 00 00 00 00 00 00 
00 00 00 00 00 00 00 00 00 00 00 00 00 00 00 00 00 00 00 00 
00 00 00 00 00 00 04 00 00 00 00 00 00 00 00 00 04 00 01 00 
00 00 00 00 00 04 04 00 00 00 00 00 00 04 00 04 04 00 00 00 
04 00 00 04 00 0C 04 00 01 01 00 00 00 00 00 00 04 10 11 11 
00 07 04 04 04 00 0C 00 01 01 00 01 04 00 04 00 0C 00 00 00 
00 00 00 00 00 00 0C 00 00 00 00 00 00 00 00 00 04 00 00 00 
00 00 03 04 00 00 00 00 01 01 00 00 03 04 00 00 00 00 11 11 
00 00 03 04 00 00 00 00 11 01 00 00 03 00 00 00 00 00 01 01 
00 00 03 04 00 00 00 00 11 11 04 00 03 00 04 11 00 00 11 11 
04 00 03 04 04 01 00 00 01 11 04 00 03 00 00 00 00 00 01 01 
00 00 03 04 00 00 00 00 00 01 00 00 00 00 00 00 00 00 00 01 
00 00 00 00 00 04 0C 00 00 00 00 00 00 00 00 04 0C 00 00 00 
00 01 00 00 00 04 0C 00 01 01 00 01 00 00 00 0C 0C 00 00 00 
00 03 00 00 00 0C 0C 00 00 00 07 07 00 00 00 0C 0C 00 00 00 
04 07 00 00 00 0C 0C 00 00 00 00 00 00 00 00 00 04 00 00 00 
00 00 00 00 00 00 0C 00 00 00 00 00 00 00 00 00 04 00 00 00 
00 00 03 00 00 00 00 00 00 00 00 03 03 00 00 00 00 00 00 11 
00 07 07 00 04 00 00 00 01 11 00 00 07 00 04 00 00 00 00 13 
00 00 03 00 04 00 00 00 01 13 00 03 07 04 1C 00 00 01 11 13 
00 07 07 00 04 00 00 00 10 13 00 07 07 00 0C 00 00 00 10 11 
00 00 07 00 04 00 00 00 00 11 00 00 03 00 00 00 00 00 01 11 
00 00 00 00 00 00 00 00 00 01 00 00 00 00 00 04 04 00 11 00 
00 00 04 04 00 04 04 01 11 01 04 00 04 0C 04 0C 04 01 13 01 
00 00 04 0C 04 0C 04 01 13 01 04 00 04 0C 04 04 04 14 13 15 
04 00 04 0C 04 0C 00 00 13 11 00 00 04 1C 00 0C 00 00 13 01 
00 00 04 04 00 04 00 00 11 00 00 00 00 04 00 04 00 00 11 00 
04 07 03 04 04 01 00 00 01 17 0C 07 03 04 0C 13 00 00 11 13 
0C 07 03 04 04 11 00 00 11 11 0C 07 03 04 04 13 00 00 01 13 
0C 07 00 00 04 13 00 00 00 11 0D 07 00 00 00 13 01 00 10 11 
0C 07 00 00 00 13 00 00 00 11 04 03 00 00 00 11 00 00 00 01 
04 03 00 00 00 11 00 00 00 01 04 00 00 00 00 01 00 00 00 01 
00 00 00 00 00 04 00 00 01 01 00 00 00 0C 04 04 04 00 13 11 
00 00 00 0C 04 00 04 00 13 11 00 00 04 0C 04 00 04 00 13 13 
00 00 00 0C 04 00 1C 11 13 11 00 01 1C 0C 04 00 0C 13 13 13 
00 07 0C 04 04 00 0C 13 13 11 00 07 1C 04 04 00 0C 11 13 11 
00 07 04 04 00 00 1C 10 11 01 00 03 04 00 00 00 0C 00 00 01 
04 03 00 00 00 03 00 00 00 00 0C 00 00 00 00 11 00 00 00 00 
04 00 00 00 00 11 00 00 00 00 04 00 00 00 00 13 00 00 00 00 
04 00 01 00 00 11 00 00 00 00 04 00 00 00 00 11 00 00 00 00 
04 00 00 00 00 01 00 00 00 00 04 00 00 00 00 01 00 00 00 01 
04 00 00 00 00 00 00 00 00 01 00 00 00 00 00 00 00 00 00 01 
00 00 00 00 00 00 04 00 00 00 00 00 00 04 04 00 04 00 00 01 
00 00 00 00 04 00 04 00 01 01 00 00 00 00 00 00 0C 00 01 11 
00 01 04 04 04 00 0C 01 11 11 00 00 04 04 04 00 0C 11 11 11 
00 00 04 00 04 00 0C 00 01 00 00 03 04 00 00 04 0C 01 00 00 
00 07 04 00 00 04 0C 01 00 00 00 03 04 00 00 0C 0C 00 01 00 
00 00 03 00 00 00 00 00 00 01 00 01 03 00 00 00 00 00 00 01 
00 03 03 00 00 00 00 00 00 11 00 03 07 04 0C 00 00 00 11 13 
04 03 07 00 04 00 00 00 11 13 00 03 07 04 1C 10 00 00 13 13 
00 02 07 04 04 00 00 00 11 13 00 00 07 04 04 00 00 00 01 13 
00 00 03 04 0C 00 00 00 13 13 00 00 03 04 04 00 00 00 01 11 
00 00 04 04 00 04 0C 00 13 00 00 00 00 0C 00 0C 0C 00 13 01 
01 03 00 04 00 0C 0C 01 11 01 07 01 04 0C 00 0C 0C 10 13 01 
07 00 04 0C 04 0C 0C 00 13 01 07 00 04 0C 04 0C 04 10 13 11 
07 00 04 04 04 1C 0C 00 13 11 05 00 04 0C 04 0C 04 01 13 11 
04 00 04 0C 04 0C 04 00 11 11 04 00 00 04 00 04 00 00 11 01 
00 00 03 00 00 01 00 00 01 01 04 07 07 00 04 13 00 00 01 11 
04 07 07 00 00 11 00 00 01 11 04 07 03 00 00 13 00 00 01 11 
0C 07 03 04 04 11 00 00 01 11 0C 07 03 04 04 13 00 00 10 13 
0C 07 02 00 04 13 00 00 00 13 0C 07 01 00 04 13 01 00 00 11 
0C 07 03 00 00 13 00 00 00 11 0D 07 00 00 00 11 00 00 00 01 
00 00 00 04 00 00 04 00 13 01 00 00 00 0C 00 00 04 00 01 01 
00 00 00 04 04 00 04 00 01 01 00 00 00 04 00 00 04 00 01 01 
00 00 00 04 00 00 04 00 11 00 00 00 00 04 00 00 0C 01 11 10 
00 07 0C 00 00 00 0C 11 01 01 00 00 04 04 04 00 0C 11 01 11 
00 07 0C 04 04 00 0C 11 11 00 00 07 04 00 00 00 0C 01 01 01 
04 00 03 04 04 01 00 00 13 13 04 00 03 0C 0C 01 00 00 13 13 
04 00 03 0C 0C 01 00 00 13 13 04 00 03 0C 04 01 00 00 13 11 
04 00 03 0C 04 00 00 00 13 11 04 00 03 0C 04 11 00 00 13 11 
00 00 07 04 00 01 00 00 13 11 04 00 03 04 00 01 00 00 13 11 
04 00 01 00 00 00 00 00 11 01 00 00 00 00 00 01 00 00 01 11 
00 07 00 00 00 0C 0C 01 00 00 07 0F 04 00 00 0E 0C 11 00 00 
07 0F 04 00 00 0C 0C 01 00 00 07 0F 04 00 00 0C 0C 13 00 00 
04 0F 0C 00 00 0C 0C 13 00 00 00 07 0C 00 00 04 0C 11 00 00 
04 07 04 00 00 0C 0C 00 00 00 00 07 00 00 00 1C 0C 00 00 00 
00 03 00 00 00 04 1C 00 00 00 00 01 00 00 00 04 0C 00 00 00 
00 00 00 00 0C 00 00 00 00 13 00 00 00 00 0C 00 00 00 00 13 
00 00 03 00 0C 00 00 00 00 11 00 00 00 00 0C 00 00 00 00 13 
00 00 00 01 0C 00 00 00 00 13 00 00 00 00 0D 00 00 00 00 13 
00 00 02 00 0C 00 00 00 00 13 00 00 00 00 0C 00 00 00 00 13 
00 00 00 00 0C 00 00 00 00 13 00 00 00 00 0C 00 00 00 00 11 

--- BAUDOT DECODE ---

                                             I         I         I         I                                    O      T OO      T  O      T TO      Z  O     EB  O      T  O                                 I         I              T    I    O   II         I E       I T                                        T         Z        TZ         B        TB        EZ         T                                                T                          I  TT       EZZ M    I TT T    I         I               O     TT  O     ZZ  O     ZT  O     TT  O     ZZ  O  Z  ZZ  O  T  TZ  O     TT  O      T         T      I         I    T    I TT T   II    O   II   MM   II    M   II                   I               O        OO      Z MM     TZ  M      B  O     TB OM U  TZB MM     EB MM I   EZ  M      Z  O     TZ         T        Z        TZT   I I TBT   I I TBT   I   SBY   I I  BZ   U I  BT        Z         Z  MO  T  TXIMO IB  ZBIMO  Z  ZZIMO  B  TBIM   B   ZPM   BT EZIM   B   Z O   Z   T O   Z   T     T   T        TT   I    BZ   I    BZ   I    BB   I  UZBZ TUI  IBBB MI   IBBZ MU   IZBZ M    UEZT O    I  T O   O    I    Z         Z         B      T  Z         Z         T         T   T         T         T                   T        TT      I TZ T    ITZZ      IZZZ      I T  O    IT   M    IT   O   II T   O      T TO      T OO      Z OM I   ZB OM     ZB OM UE  BB 
M     ZB  M     TB  O I   BB  O     TZ      I B    I II BTTO   IITZTMT I IIEBTM  I II BTM  I I EBZM    UI BZH  I I TBZ   I I  ZZ        ZT  O  T  TT MM  B  TZ MM  Z  TZ MO  B  TZIMO  Z  TZIMO  B  EBIM
  B   BIMT  BT  ZIMO  B   ZPM   Z   T        BT   I    TT        TT        TT        Z       ITZE MI   IZTT      IZTZ MI   IZZ  M    ITTT  O  T  BB  OIIT  BB  OIIT  BB  OI T  BZ  OI    BZ  OI Z  BZ  M  T  BZ  O  T  BZ  T     ZT     T  TZ M   IIT  MV   CIZ  MV   IIT  MV   IIB   VI  IIB   MI   IZ   M   II    M   UI    O    U    T    I       I    B    I    B  O I    Z    I    B   TI    B    P    B  
 I    B    I    B    I    B    I    Z

--- 5-bit raw values as ASCII ---
[00] [00] [00] [00] [00] [00] [00] [00] [00] [00] [00] [00] [00] [00] [00] [04] [04] [00] [00] [00] [00] [00] [00] [00] [00] [04] [04] [00] [00] [00] [00] [00] [00] [00] [00] [04] [04] [00] [00] [00] 
[00] [00] [00] [00] [00] [0C] [04] [00] [00] [00] [00] [00] [00] [00] [00] [0C] [04] [00] [00] [00] [04] [04] [00] [00] [00] [0C] [04] [00] [00] [00] [00] [00] [00] [00] [00] [0C] [04] [00] [00] [00] 
[00] [00] [00] [00] [00] [04] [00] [00] [00] [00] [00] [00] [00] [00] [00] [00] [00] [00] [00] [00] [00] [00] [00] [00] [00] [00] [00] [00] [00] [00] [00] [00] [03] [00] [00] [00] [00] [00] [00] [01] 
[00] [03] [03] [00] [04] [00] [00] [00] [00] [01] [00] [00] [03] [00] [00] [00] [00] [00] [00] [01] [00] [01] [03] [00] [04] [00] [00] [00] [00] [11] [00] [00] [03] [00] [04] [00] [00] [00] [10] [13] 
[00] [00] [03] [00] [00] [00] [00] [00] [00] [01] [00] [00] [03] [00] [00] [00] [00] [00] [00] [00] [00] [00] [00] [00] [00] [00] [00] [00] [00] [00] [00] [00] [00] [00] [00] [00] [00] [00] [00] [00] 
[00] [00] [00] [00] [00] [04] [0C] [00] [00] [00] [00] [00] [00] [00] [00] [04] [0C] [00] [00] [00] [00] [00] [00] [00] [00] [04] [04] [00] [00] [00] [00] [01] [00] [00] [00] [04] [0C] [00] [00] [00] 
[00] [03] [00] [00] [00] [0C] [0C] [00] [00] [00] [00] [00] [00] [00] [00] [04] [0C] [00] [10] [00] [00] [00] [00] [00] [00] [04] [0C] [00] [01] [00] [00] [00] [00] [00] [00] [00] [00] [00] [00] [00] 
[00] [00] [00] [00] [00] [00] [04] [00] [00] [00] [00] [00] [00] [00] [00] [00] [00] [00] [00] [00] [00] [00] [00] [00] [00] [00] [00] [00] [00] [01] [00] [00] [00] [00] [00] [00] [00] [00] [00] [11] 
[00] [00] [00] [00] [04] [00] [00] [00] [01] [11] [00] [00] [00] [04] [04] [00] [00] [00] [00] [13] [00] [00] [00] [00] [04] [00] [00] [00] [01] [13] [00] [00] [00] [00] [04] [00] [00] [00] [10] [11] 
[00] [00] [00] [00] [00] [00] [00] [00] [00] [01] [00] [00] [00] [00] [00] [00] [00] [00] [00] [00] [00] [00] [00] [00] [00] [00] [00] [00] [00] [00] [00] [00] [00] [00] [00] [00] [00] [00] [00] [00] 
[00] [00] [00] [00] [00] [00] [04] [00] [00] [00] [00] [00] [00] [00] [00] [00] [04] [00] [01] [00] [00] [00] [00] [00] [00] [04] [04] [00] [00] [00] [00] [00] [00] [04] [00] [04] [04] [00] [00] [00] 
[04] [00] [00] [04] [00] [0C] [04] [00] [01] [01] [00] [00] [00] [00] [00] [00] [04] [10] [11] [11] [00] [07] [04] [04] [04] [00] [0C] [00] [01] [01] [00] [01] [04] [00] [04] [00] [0C] [00] [00] [00] 
[00] [00] [00] [00] [00] [00] [0C] [00] [00] [00] [00] [00] [00] [00] [00] [00] [04] [00] [00] [00] [00] [00] [03] [04] [00] [00] [00] [00] [01] [01] [00] [00] [03] [04] [00] [00] [00] [00] [11] [11] 
[00] [00] [03] [04] [00] [00] [00] [00] [11] [01] [00] [00] [03] [00] [00] [00] [00] [00] [01] [01] [00] [00] [03] [04] [00] [00] [00] [00] [11] [11] [04] [00] [03] [00] [04] [11] [00] [00] [11] [11] 
[04] [00] [03] [04] [04] [01] [00] [00] [01] [11] [04] [00] [03] [00] [00] [00] [00] [00] [01] [01] [00] [00] [03] [04] [00] [00] [00] [00] [00] [01] [00] [00] [00] [00] [00] [00] [00] [00] [00] [01] 
[00] [00] [00] [00] [00] [04] [0C] [00] [00] [00] [00] [00] [00] [00] [00] [04] [0C] [00] [00] [00] [00] [01] [00] [00] [00] [04] [0C] [00] [01] [01] [00] [01] [00] [00] [00] [0C] [0C] [00] [00] [00] 
[00] [03] [00] [00] [00] [0C] [0C] [00] [00] [00] [07] [07] [00] [00] [00] [0C] [0C] [00] [00] [00] [04] [07] [00] [00] [00] [0C] [0C] [00] [00] [00] [00] [00] [00] [00] [00] [00] [04] [00] [00] [00] 
[00] [00] [00] [00] [00] [00] [0C] [00] [00] [00] [00] [00] [00] [00] [00] [00] [04] [00] [00] [00] [00] [00] [03] [00] [00] [00] [00] [00] [00] [00] [00] [03] [03] [00] [00] [00] [00] [00] [00] [11] 
[00] [07] [07] [00] [04] [00] [00] [00] [01] [11] [00] [00] [07] [00] [04] [00] [00] [00] [00] [13] [00] [00] [03] [00] [04] [00] [00] [00] [01] [13] [00] [03] [07] [04] [1C] [00] [00] [01] [11] [13] 
[00] [07] [07] [00] [04] [00] [00] [00] [10] [13] [00] [07] [07] [00] [0C] [00] [00] [00] [10] [11] [00] [00] [07] [00] [04] [00] [00] [00] [00] [11] [00] [00] [03] [00] [00] [00] [00] [00] [01] [11] 
[00] [00] [00] [00] [00] [00] [00] [00] [00] [01] [00] [00] [00] [00] [00] [04] [04] [00] [11] [00] [00] [00] [04] [04] [00] [04] [04] [01] [11] [01] [04] [00] [04] [0C] [04] [0C] [04] [01] [13] [01] 
[00] [00] [04] [0C] [04] [0C] [04] [01] [13] [01] [04] [00] [04] [0C] [04] [04] [04] [14] [13] [15] [04] [00] [04] [0C] [04] [0C] [00] [00] [13] [11] [00] [00] [04] [1C] [00] [0C] [00] [00] [13] [01] 
[00] [00] [04] [04] [00] [04] [00] [00] [11] [00] [00] [00] [00] [04] [00] [04] [00] [00] [11] [00] [04] [07] [03] [04] [04] [01] [00] [00] [01] [17] [0C] [07] [03] [04] [0C] [13] [00] [00] [11] [13] 
[0C] [07] [03] [04] [04] [11] [00] [00] [11] [11] [0C] [07] [03] [04] [04] [13] [00] [00] [01] [13] [0C] [07] [00] [00] [04] [13] [00] [00] [00] [11] [0D] [07] [00] [00] [00] [13] [01] [00] [10] [11] 
[0C] [07] [00] [00] [00] [13] [00] [00] [00] [11] [04] [03] [00] [00] [00] [11] [00] [00] [00] [01] [04] [03] [00] [00] [00] [11] [00] [00] [00] [01] [04] [00] [00] [00] [00] [01] [00] [00] [00] [01] 
[00] [00] [00] [00] [00] [04] [00] [00] [01] [01] [00] [00] [00] [0C] [04] [04] [04] [00] [13] [11] [00] [00] [00] [0C] [04] [00] [04] [00] [13] [11] [00] [00] [04] [0C] [04] [00] [04] [00] [13] [13] 
[00] [00] [00] [0C] [04] [00] [1C] [11] [13] [11] [00] [01] [1C] [0C] [04] [00] [0C] [13] [13] [13] [00] [07] [0C] [04] [04] [00] [0C] [13] [13] [11] [00] [07] [1C] [04] [04] [00] [0C] [11] [13] [11] 
[00] [07] [04] [04] [00] [00] [1C] [10] [11] [01] [00] [03] [04] [00] [00] [00] [0C] [00] [00] [01] [04] [03] [00] [00] [00] [03] [00] [00] [00] [00] [0C] [00] [00] [00] [00] [11] [00] [00] [00] [00] 
[04] [00] [00] [00] [00] [11] [00] [00] [00] [00] [04] [00] [00] [00] [00] [13] [00] [00] [00] [00] [04] [00] [01] [00] [00] [11] [00] [00] [00] [00] [04] [00] [00] [00] [00] [11] [00] [00] [00] [00] 
[04] [00] [00] [00] [00] [01] [00] [00] [00] [00] [04] [00] [00] [00] [00] [01] [00] [00] [00] [01] [04] [00] [00] [00] [00] [00] [00] [00] [00] [01] [00] [00] [00] [00] [00] [00] [00] [00] [00] [01] 
[00] [00] [00] [00] [00] [00] [04] [00] [00] [00] [00] [00] [00] [04] [04] [00] [04] [00] [00] [01] [00] [00] [00] [00] [04] [00] [04] [00] [01] [01] [00] [00] [00] [00] [00] [00] [0C] [00] [01] [11] 
[00] [01] [04] [04] [04] [00] [0C] [01] [11] [11] [00] [00] [04] [04] [04] [00] [0C] [11] [11] [11] [00] [00] [04] [00] [04] [00] [0C] [00] [01] [00] [00] [03] [04] [00] [00] [04] [0C] [01] [00] [00] 
[00] [07] [04] [00] [00] [04] [0C] [01] [00] [00] [00] [03] [04] [00] [00] [0C] [0C] [00] [01] [00] [00] [00] [03] [00] [00] [00] [00] [00] [00] [01] [00] [01] [03] [00] [00] [00] [00] [00] [00] [01] 
[00] [03] [03] [00] [00] [00] [00] [00] [00] [11] [00] [03] [07] [04] [0C] [00] [00] [00] [11] [13] [04] [03] [07] [00] [04] [00] [00] [00] [11] [13] [00] [03] [07] [04] [1C] [10] [00] [00] [13] [13] 
[00] [02] [07] [04] [04] [00] [00] [00] [11] [13] [00] [00] [07] [04] [04] [00] [00] [00] [01] [13] [00] [00] [03] [04] [0C] [00] [00] [00] [13] [13] [00] [00] [03] [04] [04] [00] [00] [00] [01] [11] 
[00] [00] [04] [04] [00] [04] [0C] [00] [13] [00] [00] [00] [00] [0C] [00] [0C] [0C] [00] [13] [01] [01] [03] [00] [04] [00] [0C] [0C] [01] [11] [01] [07] [01] [04] [0C] [00] [0C] [0C] [10] [13] [01] 
[07] [00] [04] [0C] [04] [0C] [0C] [00] [13] [01] [07] [00] [04] [0C] [04] [0C] [04] [10] [13] [11] [07] [00] [04] [04] [04] [1C] [0C] [00] [13] [11] [05] [00] [04] [0C] [04] [0C] [04] [01] [13] [11] 
[04] [00] [04] [0C] [04] [0C] [04] [00] [11] [11] [04] [00] [00] [04] [00] [04] [00] [00] [11] [01] [00] [00] [03] [00] [00] [01] [00] [00] [01] [01] [04] [07] [07] [00] [04] [13] [00] [00] [01] [11] 
[04] [07] [07] [00] [00] [11] [00] [00] [01] [11] [04] [07] [03] [00] [00] [13] [00] [00] [01] [11] [0C] [07] [03] [04] [04] [11] [00] [00] [01] [11] [0C] [07] [03] [04] [04] [13] [00] [00] [10] [13] 
[0C] [07] [02] [00] [04] [13] [00] [00] [00] [13] [0C] [07] [01] [00] [04] [13] [01] [00] [00] [11] [0C] [07] [03] [00] [00] [13] [00] [00] [00] [11] [0D] [07] [00] [00] [00] [11] [00] [00] [00] [01] 
[00] [00] [00] [04] [00] [00] [04] [00] [13] [01] [00] [00] [00] [0C] [00] [00] [04] [00] [01] [01] [00] [00] [00] [04] [04] [00] [04] [00] [01] [01] [00] [00] [00] [04] [00] [00] [04] [00] [01] [01] 
[00] [00] [00] [04] [00] [00] [04] [00] [11] [00] [00] [00] [00] [04] [00] [00] [0C] [01] [11] [10] [00] [07] [0C] [00] [00] [00] [0C] [11] [01] [01] [00] [00] [04] [04] [04] [00] [0C] [11] [01] [11] 
[00] [07] [0C] [04] [04] [00] [0C] [11] [11] [00] [00] [07] [04] [00] [00] [00] [0C] [01] [01] [01] [04] [00] [03] [04] [04] [01] [00] [00] [13] [13] [04] [00] [03] [0C] [0C] [01] [00] [00] [13] [13] 
[04] [00] [03] [0C] [0C] [01] [00] [00] [13] [13] [04] [00] [03] [0C] [04] [01] [00] [00] [13] [11] [04] [00] [03] [0C] [04] [00] [00] [00] [13] [11] [04] [00] [03] [0C] [04] [11] [00] [00] [13] [11] 
[00] [00] [07] [04] [00] [01] [00] [00] [13] [11] [04] [00] [03] [04] [00] [01] [00] [00] [13] [11] [04] [00] [01] [00] [00] [00] [00] [00] [11] [01] [00] [00] [00] [00] [00] [01] [00] [00] [01] [11] 
[00] [07] [00] [00] [00] [0C] [0C] [01] [00] [00] [07] [0F] [04] [00] [00] [0E] [0C] [11] [00] [00] [07] [0F] [04] [00] [00] [0C] [0C] [01] [00] [00] [07] [0F] [04] [00] [00] [0C] [0C] [13] [00] [00] 
[04] [0F] [0C] [00] [00] [0C] [0C] [13] [00] [00] [00] [07] [0C] [00] [00] [04] [0C] [11] [00] [00] [04] [07] [04] [00] [00] [0C] [0C] [00] [00] [00] [00] [07] [00] [00] [00] [1C] [0C] [00] [00] [00] 
[00] [03] [00] [00] [00] [04] [1C] [00] [00] [00] [00] [01] [00] [00] [00] [04] [0C] [00] [00] [00] [00] [00] [00] [00] [0C] [00] [00] [00] [00] [13] [00] [00] [00] [00] [0C] [00] [00] [00] [00] [13] 
[00] [00] [03] [00] [0C] [00] [00] [00] [00] [11] [00] [00] [00] [00] [0C] [00] [00] [00] [00] [13] [00] [00] [00] [01] [0C] [00] [00] [00] [00] [13] [00] [00] [00] [00] [0D] [00] [00] [00] [00] [13] 
[00] [00] [02] [00] [0C] [00] [00] [00] [00] [13] [00] [00] [00] [00] [0C] [00] [00] [00] [00] [13] [00] [00] [00] [00] [0C] [00] [00] [00] [00] [13] [00] [00] [00] [00] [0C] [00] [00] [00] [00] [11] 
