================================================================================
METHOD 10: 8-Track Column-Major Block Order (content_all)
================================================================================

Block order: top-to-bottom within column, then left-to-right.
Within each block: row-major (5 rows × 8 bits = 5 bytes).

Total frames: 2000
Printable ASCII: 253 (12.7%)
Alpha letters: 197 (9.8%)
Unique byte values: 20


--------------------------------------------------------------------------------
RAW FRAMES (hex)
--------------------------------------------------------------------------------

0000: 00 00 00 00 00 00 00 00 00 00 00 00 00 00 00 00   ................
0010: 00 00 00 00 00 00 00 00 00 00 00 03 04 00 00 00   ................
0020: 00 00 00 00 00 03 00 00 00 00 00 00 00 04 07 03   ................
0030: 04 C4 00 00 00 00 00 04 03 00 00 00 00 00 00 00   ................
0040: 00 00 00 03 00 00 00 00 84 84 00 00 00 03 00 00   ................
0050: 00 00 00 84 00 04 00 03 04 04 80 C7 00 00 00 00   ................
0060: 00 00 00 CC 00 00 00 00 00 00 00 00 00 00 04 0C   ................
0070: 00 00 00 00 00 00 00 01 00 04 00 00 00 00 00 00   ................
0080: 01 01 04 0C 00 00 00 00 00 00 00 00 00 00 00 00   ................
0090: 01 41 00 00 01 F7 04 00 00 01 01 43 00 00 00 00   .A.........C....
00A0: 00 04 00 00 00 00 00 00 00 01 04 0C 40 73 00 01   ............@s..
00B0: 00 00 01 01 00 04 00 73 41 61 00 00 33 73 0C CC   .......sAa..3s..
00C0: 01 00 00 00 00 00 00 F3 00 00 00 00 00 00 00 03   ................
00D0: 00 00 00 40 00 00 00 00 00 00 00 00 00 00 00 00   ...@............
00E0: 00 00 00 03 04 00 00 40 00 00 00 00 43 43 00 00   .......@....CC..
00F0: 00 00 00 00 00 CC C7 43 04 8C 00 00 00 0C 04 8C   .......C........
0100: 00 00 00 00 00 00 00 04 04 00 01 03 00 00 00 00   ................
0110: 00 0C 00 04 47 47 00 04 00 00 00 CC 00 04 00 03   ....GG..........
0120: CC 0C C7 CF 04 00 00 00 00 00 00 CC 04 04 00 00   ................
0130: 00 00 00 00 00 01 04 0C 00 00 00 00 00 00 00 31   ...............1
0140: 00 04 00 01 00 00 00 00 31 71 04 0C 00 00 00 00   ........1q......
0150: 00 00 00 31 04 04 00 31 00 F3 00 00 31 F3 04 04   ...1...1....1...
0160: 00 33 11 71 00 00 00 00 00 04 00 00 41 00 00 00   .3.q........A...
0170: 00 21 0C 0C 00 73 01 73 00 00 01 71 00 04 00 01   .!...s.s...q....
0180: 41 41 00 00 F3 F3 CE CC 51 00 00 00 00 00 00 F3   AA......Q.......
0190: 00 00 00 00 00 00 03 03 00 04 40 40 00 00 00 00   ..........@@....
01A0: 00 00 00 04 00 00 00 00 00 00 00 03 04 00 40 41   ..............@A
01B0: 00 00 00 00 47 C7 00 04 00 00 04 84 00 CC C7 43   ....G..........C
01C0: 04 C4 00 00 00 8C 04 04 00 00 00 00 00 00 00 00   ................
01D0: 04 00 03 43 00 00 41 03 00 04 00 C4 C7 C7 00 00   ...C..A.........
01E0: 00 00 00 04 04 04 00 43 CC CC C7 CF 04 00 00 00   .......C........
01F0: 00 03 00 CC 04 04 00 00 00 00 00 00 00 01 04 04   ................
0200: 00 00 00 00 00 00 01 71 04 04 00 00 00 00 00 00   .......q........
0210: 31 21 04 0C 00 01 41 00 00 00 01 71 04 04 01 71   1!....A....q...q
0220: 01 F1 00 00 31 F1 00 04 00 73 71 71 00 00 00 00   ....1....sqq....
0230: 00 04 00 01 41 00 00 00 00 71 CC 0C 01 71 01 71   ....A....q...q.q
0240: 00 00 01 71 00 04 00 01 01 41 00 00 F3 F3 CC CC   ...q.....A......
0250: 41 00 00 00 00 00 00 F1 00 00 00 00 00 00 00 03   A...............
0260: 00 00 00 01 00 00 00 00 00 00 04 04 00 00 00 04   ................
0270: 00 00 00 03 00 00 00 41 00 00 00 00 40 C7 00 04   .......A....@...
0280: 44 00 84 CC 04 CC C7 03 04 04 00 00 04 CC 04 04   D...............
0290: 00 00 00 00 00 00 00 00 00 00 43 47 04 0C 47 41   ..........CG..GA
02A0: 04 CC 00 04 C7 43 00 00 00 00 00 04 00 04 00 43   .....C.........C
02B0: CC 84 C7 CF 84 00 00 00 00 00 00 CC 04 04 00 00   ................
02C0: 00 00 00 00 00 21 04 0C 00 00 00 00 00 00 00 73   .....!.........s
02D0: 04 04 00 00 00 00 00 00 01 01 0C 0C 00 00 00 00   ................
02E0: 00 00 00 F3 0C 04 01 73 41 F3 00 00 01 73 00 04   .......sA....s..
02F0: 00 73 F3 F3 00 00 00 00 00 0C 00 01 51 00 00 00   .s..........Q...
0300: 11 F3 CC 4C 50 73 41 F3 00 00 01 71 00 04 00 01   ...LPsA....q....
0310: 01 41 00 00 F3 F1 CC CC 73 00 00 00 00 00 00 F3   .A......s.......
0320: 00 00 00 00 00 00 41 43 00 04 00 03 00 00 00 00   ......AC........
0330: 00 00 00 04 44 00 00 04 00 00 00 03 04 00 40 43   ....D.........@C
0340: 00 00 00 00 00 43 00 04 40 00 04 CC 04 CC C7 00   .....C..@.......
0350: 00 04 00 00 00 CC A4 84 00 01 00 00 00 01 04 04   ................
0360: 04 04 43 C7 00 84 C7 00 04 CC 04 CC C7 03 04 04   ..C.............
0370: 00 00 00 04 00 04 00 43 CC 04 44 CF CC 00 00 00   .......C..D.....
0380: 00 00 01 4C 0C 04 00 00 00 00 00 00 00 71 0C 0C   ...L.........q..
0390: 00 00 00 00 00 00 01 F3 0C 04 00 01 41 00 00 00   ............A...
03A0: 31 71 0C 0C 00 00 00 00 00 00 01 F3 0C 04 41 F3   1q............A.
03B0: 61 F3 00 00 00 71 00 1C 31 73 71 71 00 00 00 00   a....q..1sqq....
03C0: 00 0C 01 71 F1 40 00 00 31 F3 CC 0C 00 F3 41 F1   ...q.@..1.....A.
03D0: 00 00 01 71 00 04 00 31 00 00 00 00 F3 71 0C CC   ...q...1.....q..
03E0: F3 00 00 00 00 00 00 F3 00 00 00 00 00 00 00 43   ...............C
03F0: 00 44 40 00 00 00 00 00 00 00 00 44 00 00 00 00   .D@........D....
0400: 00 04 00 03 40 44 C7 47 00 00 00 00 43 47 44 5C   ....@D.G....CGD\
0410: 44 00 44 CC 44 CD C7 00 00 40 00 41 5C 4C 44 44   D.D.D....@.A\LDD
0420: 00 00 00 00 00 00 44 04 44 00 43 C7 44 5C C7 00   ......D.D.C.D\..
0430: 44 4C 44 CC C7 03 44 44 00 00 00 44 00 44 00 43   DLD...DD...D.D.C
0440: CC 44 40 C7 CC 00 00 00 00 00 00 4D 0C 04 00 00   .D@........M....
0450: 00 00 00 00 10 73 04 0C 00 10 00 00 00 00 10 51   .....s.........Q
0460: 00 04 10 11 51 51 00 00 11 71 CC 8C 00 00 00 00   ....QQ...q......
0470: 00 01 11 F3 04 04 14 73 55 F3 01 00 10 71 00 2C   .......sU....q.,
0480: 73 73 F3 F1 00 00 00 00 00 0C 11 11 51 10 00 00   ss..........Q...
0490: 13 F3 CC 04 10 73 51 F3 00 00 10 73 00 0C 01 11   .....sQ....s....
04A0: 10 11 00 00 F3 51 04 CC F1 00 00 00 00 00 00 F3   .....Q..........
04B0: 44 44 00 00 00 00 00 43 00 00 40 00 00 00 00 00   DD.....C..@.....
04C0: 00 00 00 00 00 07 04 04 04 04 00 03 04 04 44 47   ..............DG
04D0: 00 00 00 00 47 C7 00 04 44 00 04 CC 04 CC C7 00   ....G...D.......
04E0: 00 00 00 C7 CC 84 84 04 00 00 00 00 00 40 04 00   .............@..
04F0: 04 00 42 C7 04 C4 C7 00 04 C4 04 CC C7 02 00 04   ..B.............
0500: 00 C7 CC 00 00 00 00 47 C4 00 44 C7 C4 00 00 00   .......G..D.....
0510: 00 02 00 CC 0C 04 00 00 00 00 00 00 00 01 04 0C   ................
0520: 00 01 00 00 00 00 00 01 00 0C 00 01 41 01 00 00   ............A...
0530: 21 71 0C 0C 00 00 00 00 00 00 10 73 0C 00 00 73   !q.........s...s
0540: 71 F3 00 00 00 71 00 0C 73 73 F1 61 00 00 00 00   q....q..ss.a....
0550: 00 0C 00 01 40 00 00 00 71 F3 DC 0C 00 73 71 F3   ....@...q....sq.
0560: 00 00 00 73 00 0C 71 21 01 01 00 00 73 71 0C CC   ...s..q!....sq..
0570: 40 00 00 00 00 00 00 F3 40 00 00 00 00 00 00 43   @.......@......C
0580: 00 00 00 00 00 00 00 00 00 00 00 00 00 01 04 00   ................
0590: 04 04 00 03 00 00 00 00 00 00 00 00 C7 C7 00 0C   ................
05A0: 40 00 04 9C 00 C4 43 00 00 00 00 C7 DC C4 04 04   @.....C.........
05B0: 00 00 00 00 00 03 04 00 00 00 00 47 04 C4 C5 00   ...........G....
05C0: 04 CC 04 CC C7 01 00 04 00 C0 C4 04 04 04 00 03   ................
05D0: 84 00 40 C7 00 00 00 00 00 00 00 CC 0C 04 00 00   ..@.............
05E0: 00 00 00 00 00 00 00 00 00 00 00 00 00 00 00 00   ................
05F0: 00 0C 00 00 00 00 00 00 01 21 00 04 00 00 00 00   .........!......
0600: 00 00 10 F1 0C 00 00 73 01 71 00 00 00 01 00 0C   .......s.q......
0610: 71 73 71 41 00 00 00 01 04 0C 41 00 00 00 00 00   qsqA......A.....
0620: 21 F3 8C 04 01 F3 71 F3 01 00 00 71 00 0C 71 01   !.....q....q..q.
0630: 51 41 00 00 73 71 1C CC 00 00 00 00 00 00 00 F3   QA..sq..........
0640: 00 00 00 00 00 00 00 00 00 00 00 00 00 00 00 00   ................
0650: 00 00 00 00 00 40 00 00 00 00 00 03 04 00 00 00   .....@..........
0660: 00 00 00 00 40 47 00 04 00 00 04 04 00 84 43 00   ....@G........C.
0670: 00 00 00 47 C4 04 00 04 00 00 00 00 00 47 04 00   ...G.........G..
0680: 00 00 00 43 C4 CC 44 00 04 CC 04 CC C7 03 00 00   ...C..D.........
0690: 00 47 CC 04 04 04 00 01 00 00 00 43 00 00 00 00   .G.........C....
06A0: 00 00 00 CC 04 00 00 00 00 00 00 00 00 00 00 04   ................
06B0: 00 00 00 00 00 00 00 00 00 0C 00 00 00 00 00 00   ................
06C0: 00 01 00 0C 00 00 00 00 00 00 00 71 04 00 00 31   ...........q...1
06D0: 00 71 00 00 00 01 00 1C 70 31 41 00 00 00 00 01   .q......p1A.....
06E0: 04 8C 01 00 00 00 00 00 73 F3 0C 04 00 71 71 F3   ........s....qq.
06F0: 00 00 00 71 00 0C 71 31 00 00 00 00 31 01 04 1C   ...q..q1....1...
0700: 00 00 00 00 00 00 00 F3 00 00 00 00 00 00 00 00   ................
0710: 00 00 00 00 00 00 00 00 00 00 00 00 00 00 00 00   ................
0720: 00 00 00 00 00 00 00 00 00 00 00 00 00 43 00 00   .............C..
0730: 00 00 00 04 00 04 40 00 00 00 00 43 04 00 00 00   ......@....C....
0740: 00 00 00 00 00 43 04 00 00 00 00 43 C4 84 04 00   .....C.....C....
0750: 00 04 00 CD C7 00 00 00 00 47 04 00 00 00 00 00   .........G......
0760: 00 00 00 41 00 00 00 00 00 00 00 CC 00 00 00 00   ...A............
0770: 00 00 00 00 00 00 00 00 00 00 00 00 00 00 00 00   ................
0780: 00 04 00 00 00 00 00 00 00 01 00 04 00 00 00 00   ................
0790: 00 00 01 31 04 00 00 31 00 41 00 00 00 01 00 0C   ...1...1.A......
07A0: 00 00 01 00 00 00 00 01 0C 0C 00 01 00 00 00 00   ................
07B0: 01 71 04 00 00 31 41 F1 00 00 00 01 00 0C 01 01   .q...1A.........
07C0: 01 01 00 00 01 31 04 0C 00 00 00 00 00 00 00 F1   .....1..........

--------------------------------------------------------------------------------
DECODED TEXT
--------------------------------------------------------------------------------

[00][00][00][00][00][00][00][00][00][00][00][00][00][00][00][00][00][00][00][00][00][00][00][00][00][00][00][03][04][00][00][00][00][00][00][00][00][03][00][00][00][00][00][00][00][04][07][03][04][C4][00][00][00][00][00][04][03][00][00][00][00][00][00][00][00][00][00][03][00][00][00][00][84][84][00][00][00][03][00][00][00][00][00][84][00][04][00][03][04][04][80][C7][00][00][00][00][00][00][00][CC][00][00][00][00][00][00][00][00][00][00][04][0C][00][00][00][00][00][00][00][01][00][04][00][00][00][00][00][00][01][01][04][0C][00][00][00][00][00][00][00][00][00][00][00][00][01]A[00][00][01][F7][04][00][00][01][01]C[00][00][00][00][00][04][00][00][00][00][00][00][00][01][04][0C]@s[00][01][00][00][01][01][00][04][00]sAa[00][00]3s[0C][CC][01][00][00][00][00][00][00][F3][00][00][00][00][00][00][00][03][00][00][00]@[00][00][00][00][00][00][00][00][00][00][00][00][00][00][00][03][04][00][00]@[00][00][00][00]CC[00][00][00][00][00][00][00][CC][C7]C[04][8C][00][00][00][0C][04][8C][00][00][00][00][00][00][00][04][04][00][01][03][00][00][00][00][00][0C][00][04]GG[00][04][00][00][00][CC][00][04][00][03][CC][0C][C7][CF][04][00][00][00][00][00][00][CC][04][04][00][00][00][00][00][00][00][01][04][0C][00][00][00][00][00][00][00]1[00][04][00][01][00][00][00][00]1q[04][0C][00][00][00][00][00][00][00]1[04][04][00]1[00][F3][00][00]1[F3][04][04][00]3[11]q[00][00][00][00][00][04][00][00]A[00][00][00][00]![0C][0C][00]s[01]s[00][00][01]q[00][04][00][01]AA[00][00][F3][F3][CE][CC]Q[00][00][00][00][00][00][F3][00][00][00][00][00][00][03][03][00][04]@@[00][00][00][00][00][00][00][04][00][00][00][00][00][00][00][03][04][00]@A[00][00][00][00]G[C7][00][04][00][00][04][84][00][CC][C7]C[04][C4][00][00][00][8C][04][04][00][00][00][00][00][00][00][00][04][00][03]C[00][00]A[03][00][04][00][C4][C7][C7][00][00][00][00][00][04][04][04][00]C[CC][CC][C7][CF][04][00][00][00][00][03][00][CC][04][04][00][00][00][00][00][00][00][01][04][04][00][00][00][00][00][00][01]q[04][04][00][00][00][00][00][00]1![04][0C][00][01]A[00][00][00][01]q[04][04][01]q[01][F1][00][00]1[F1][00][04][00]sqq[00][00][00][00][00][04][00][01]A[00][00][00][00]q[CC][0C][01]q[01]q[00][00][01]q[00][04][00][01][01]A[00][00][F3][F3][CC][CC]A[00][00][00][00][00][00][F1][00][00][00][00][00][00][00][03][00][00][00][01][00][00][00][00][00][00][04][04][00][00][00][04][00][00][00][03][00][00][00]A[00][00][00][00]@[C7][00][04]D[00][84][CC][04][CC][C7][03][04][04][00][00][04][CC][04][04][00][00][00][00][00][00][00][00][00][00]CG[04][0C]GA[04][CC][00][04][C7]C[00][00][00][00][00][04][00][04][00]C[CC][84][C7][CF][84][00][00][00][00][00][00][CC][04][04][00][00][00][00][00][00][00]![04][0C][00][00][00][00][00][00][00]s[04][04][00][00][00][00][00][00][01][01][0C][0C][00][00][00][00][00][00][00][F3][0C][04][01]sA[F3][00][00][01]s[00][04][00]s[F3][F3][00][00][00][00][00][0C][00][01]Q[00][00][00][11][F3][CC]LPsA[F3][00][00][01]q[00][04][00][01][01]A[00][00][F3][F1][CC][CC]s[00][00][00][00][00][00][F3][00][00][00][00][00][00]AC[00][04][00][03][00][00][00][00][00][00][00][04]D[00][00][04][00][00][00][03][04][00]@C[00][00][00][00][00]C[00][04]@[00][04][CC][04][CC][C7][00][00][04][00][00][00][CC][A4][84][00][01][00][00][00][01][04][04][04][04]C[C7][00][84][C7][00][04][CC][04][CC][C7][03][04][04][00][00][00][04][00][04][00]C[CC][04]D[CF][CC][00][00][00][00][00][01]L[0C][04][00][00][00][00][00][00][00]q[0C][0C][00][00][00][00][00][00][01][F3][0C][04][00][01]A[00][00][00]1q[0C][0C][00][00][00][00][00][00][01][F3][0C][04]A[F3]a[F3][00][00][00]q[00][1C]1sqq[00][00][00][00][00][0C][01]q[F1]@[00][00]1[F3][CC][0C][00][F3]A[F1][00][00][01]q[00][04][00]1[00][00][00][00][F3]q[0C][CC][F3][00][00][00][00][00][00][F3][00][00][00][00][00][00][00]C[00]D@[00][00][00][00][00][00][00][00]D[00][00][00][00][00][04][00][03]@D[C7]G[00][00][00][00]CGD\D[00]D[CC]D[CD][C7][00][00]@[00]A\LDD[00][00][00][00][00][00]D[04]D[00]C[C7]D\[C7][00]DLD[CC][C7][03]DD[00][00][00]D[00]D[00]C[CC]D@[C7][CC][00][00][00][00][00][00]M[0C][04][00][00][00][00][00][00][10]s[04][0C][00][10][00][00][00][00][10]Q[00][04][10][11]QQ[00][00][11]q[CC][8C][00][00][00][00][00][01][11][F3][04][04][14]sU[F3][01][00][10]q[00],ss[F3][F1][00][00][00][00][00][0C][11][11]Q[10][00][00][13][F3][CC][04][10]sQ[F3][00][00][10]s[00][0C][01][11][10][11][00][00][F3]Q[04][CC][F1][00][00][00][00][00][00][F3]DD[00][00][00][00][00]C[00][00]@[00][00][00][00][00][00][00][00][00][00][07][04][04][04][04][00][03][04][04]DG[00][00][00][00]G[C7][00][04]D[00][04][CC][04][CC][C7][00][00][00][00][C7][CC][84][84][04][00][00][00][00][00]@[04][00][04][00]B[C7][04][C4][C7][00][04][C4][04][CC][C7][02][00][04][00][C7][CC][00][00][00][00]G[C4][00]D[C7][C4][00][00][00][00][02][00][CC][0C][04][00][00][00][00][00][00][00][01][04][0C][00][01][00][00][00][00][00][01][00][0C][00][01]A[01][00][00]!q[0C][0C][00][00][00][00][00][00][10]s[0C][00][00]sq[F3][00][00][00]q[00][0C]ss[F1]a[00][00][00][00][00][0C][00][01]@[00][00][00]q[F3][DC][0C][00]sq[F3][00][00][00]s[00][0C]q![01][01][00][00]sq[0C][CC]@[00][00][00][00][00][00][F3]@[00][00][00][00][00][00]C[00][00][00][00][00][00][00][00][00][00][00][00][00][01][04][00][04][04][00][03][00][00][00][00][00][00][00][00][C7][C7][00][0C]@[00][04][9C][00][C4]C[00][00][00][00][C7][DC][C4][04][04][00][00][00][00][00][03][04][00][00][00][00]G[04][C4][C5][00][04][CC][04][CC][C7][01][00][04][00][C0][C4][04][04][04][00][03][84][00]@[C7][00][00][00][00][00][00][00][CC][0C][04][00][00][00][00][00][00][00][00][00][00][00][00][00][00][00][00][00][00][00][0C][00][00][00][00][00][00][01]![00][04][00][00][00][00][00][00][10][F1][0C][00][00]s[01]q[00][00][00][01][00][0C]qsqA[00][00][00][01][04][0C]A[00][00][00][00][00]![F3][8C][04][01][F3]q[F3][01][00][00]q[00][0C]q[01]QA[00][00]sq[1C][CC][00][00][00][00][00][00][00][F3][00][00][00][00][00][00][00][00][00][00][00][00][00][00][00][00][00][00][00][00][00]@[00][00][00][00][00][03][04][00][00][00][00][00][00][00]@G[00][04][00][00][04][04][00][84]C[00][00][00][00]G[C4][04][00][04][00][00][00][00][00]G[04][00][00][00][00]C[C4][CC]D[00][04][CC][04][CC][C7][03][00][00][00]G[CC][04][04][04][00][01][00][00][00]C[00][00][00][00][00][00][00][CC][04][00][00][00][00][00][00][00][00][00][00][04][00][00][00][00][00][00][00][00][00][0C][00][00][00][00][00][00][00][01][00][0C][00][00][00][00][00][00][00]q[04][00][00]1[00]q[00][00][00][01][00][1C]p1A[00][00][00][00][01][04][8C][01][00][00][00][00][00]s[F3][0C][04][00]qq[F3][00][00][00]q[00][0C]q1[00][00][00][00]1[01][04][1C][00][00][00][00][00][00][00][F3][00][00][00][00][00][00][00][00][00][00][00][00][00][00][00][00][00][00][00][00][00][00][00][00][00][00][00][00][00][00][00][00][00][00][00][00][00]C[00][00][00][00][00][04][00][04]@[00][00][00][00]C[04][00][00][00][00][00][00][00][00]C[04][00][00][00][00]C[C4][84][04][00][00][04][00][CD][C7][00][00][00][00]G[04][00][00][00][00][00][00][00][00]A[00][00][00][00][00][00][00][CC][00][00][00][00][00][00][00][00][00][00][00][00][00][00][00][00][00][00][00][00][00][04][00][00][00][00][00][00][00][01][00][04][00][00][00][00][00][00][01]1[04][00][00]1[00]A[00][00][00][01][00][0C][00][00][01][00][00][00][00][01][0C][0C][00][01][00][00][00][00][01]q[04][00][00]1A[F1][00][00][00][01][00][0C][01][01][01][01][00][00][01]1[04][0C][00][00][00][00][00][00][00][F1]

--------------------------------------------------------------------------------
ALL UNIQUE BYTE STATS
--------------------------------------------------------------------------------

  0x21    !:    7 #######
  0x2C    ,:    1 #
  0x31    1:   19 ###################
  0x33    3:    2 ##
  0x40    @:   24 ########################
  0x41    A:   29 #############################
  0x42    B:    1 #
  0x43    C:   29 #############################
  0x44    D:   28 ############################
  0x47    G:   16 ################
  0x4C    L:    4 ####
  0x4D    M:    1 #
  0x50    P:    1 #
  0x51    Q:    9 #########
  0x55    U:    1 #
  0x5C    \:    3 ###
  0x61    a:    3 ###
  0x70    p:    1 #
  0x71    q:   44 ########################################
  0x73    s:   30 ##############################
