METHOD 4: 5-Track Baudot (cols_even, background_ERROR)
================================================================================

Columns used as tracks: cols_even = [0, 2, 4, 6]
Each row = 1 Baudot/ITA2 frame (5 bits)
Total frames: 2000

--- RAW FRAMES (hex) ---
04 04 05 05 05 05 05 02 02 02 04 04 05 05 05 05 05 02 02 02 
04 04 05 05 05 05 05 02 02 02 04 04 05 05 05 05 05 02 02 02 
04 04 05 05 05 05 05 02 02 02 04 04 05 05 05 05 05 02 02 02 
04 04 05 05 05 05 05 02 02 02 04 04 05 05 05 05 05 02 02 02 
04 04 05 05 05 05 05 02 02 02 04 04 05 05 05 05 05 02 02 02 
05 04 04 05 05 02 0F 0F 02 02 05 04 04 05 05 02 0F 0F 02 02 
05 04 04 05 05 02 0F 0F 02 02 05 04 04 05 05 02 0F 0F 02 02 
05 04 04 05 05 02 0F 0F 02 02 05 04 04 05 05 02 0F 0F 02 02 
05 04 04 05 05 02 0F 0F 02 02 05 04 04 05 05 02 0F 0F 02 02 
05 04 04 05 05 02 0F 0F 02 02 05 04 04 05 05 02 0F 0F 02 02 
04 04 05 05 05 05 05 02 02 02 04 04 05 05 05 05 05 02 02 02 
04 04 05 05 05 05 05 02 02 02 04 04 05 05 05 05 05 02 02 02 
04 04 05 05 05 05 05 02 02 02 04 04 05 05 05 05 05 02 02 02 
04 04 05 05 05 05 05 02 02 02 05 05 05 05 05 01 01 03 03 02 
04 04 05 05 05 05 05 02 02 02 04 04 05 05 05 05 05 02 02 02 
05 04 04 05 05 02 0F 0F 02 02 05 04 04 05 05 02 0F 0F 02 02 
05 04 04 05 05 02 0F 0F 02 02 05 04 04 05 05 02 0F 0F 02 02 
05 04 04 05 05 02 0F 0F 02 02 05 04 04 05 05 02 0F 0F 02 02 
05 04 04 05 05 02 0F 0F 02 02 05 05 05 05 05 02 03 03 06 06 
05 00 00 05 05 02 0F 0F 02 02 05 04 04 05 05 02 0F 0F 02 02 
04 04 05 05 05 05 05 02 02 02 04 04 05 05 05 05 05 02 02 02 
04 04 05 05 05 05 05 02 02 02 04 04 05 05 05 05 05 02 02 02 
04 04 05 05 05 05 05 02 02 02 04 04 05 05 05 05 05 02 02 02 
04 04 05 05 05 05 05 02 02 02 04 04 05 05 05 05 05 02 02 02 
04 04 05 05 05 05 05 02 02 02 04 04 05 05 05 05 05 02 02 02 
05 04 04 05 05 02 0F 0F 02 02 05 04 04 05 05 02 0F 0F 02 02 
05 04 04 05 05 02 0F 0F 02 02 05 04 04 05 05 02 0F 0F 02 02 
05 04 04 05 05 02 0F 0F 02 02 05 04 04 05 05 02 0F 0F 02 02 
05 04 04 05 05 02 0F 0F 02 02 05 04 04 05 05 02 0F 0F 02 02 
05 04 04 05 05 02 0F 0F 02 02 05 04 04 05 05 02 0F 0F 02 02 
04 04 05 05 05 05 05 02 02 02 04 04 05 05 05 05 05 02 02 02 
04 04 05 05 05 05 05 02 02 02 04 04 05 05 05 05 05 02 02 02 
04 04 05 05 05 05 05 02 02 02 04 04 05 05 05 05 05 02 02 02 
04 04 05 05 05 05 05 02 02 02 04 04 05 05 05 05 05 02 02 02 
04 04 05 05 05 05 05 02 02 02 04 04 05 05 05 05 05 02 02 02 
05 04 04 05 05 02 0F 0F 02 02 05 04 04 05 05 02 0F 0F 02 02 
05 04 04 05 05 02 0F 0F 02 02 05 04 04 05 05 02 0F 0F 02 02 
05 04 04 05 05 02 0F 0F 02 02 05 04 04 05 05 02 0F 0F 02 02 
05 04 04 05 05 02 0F 0F 02 02 05 04 04 05 05 02 0F 0F 02 02 
05 04 04 05 05 02 0F 0F 02 02 05 04 04 05 05 02 0F 0F 02 02 
04 04 05 05 05 05 05 02 02 02 04 04 05 05 05 05 05 02 02 02 
04 04 05 05 05 05 05 02 02 02 04 04 05 05 05 05 05 02 02 02 
04 04 05 05 05 05 05 02 02 02 04 04 05 05 05 05 05 02 02 02 
04 04 05 05 05 05 05 02 02 02 04 04 05 05 05 05 05 02 02 02 
04 04 05 05 05 05 05 02 02 02 04 04 05 05 05 05 05 02 02 02 
05 04 04 05 05 02 0F 0F 02 02 05 04 04 05 05 02 0F 0F 02 02 
05 04 04 05 05 02 0F 0F 02 02 05 04 04 05 05 02 0F 0F 02 02 
05 04 04 05 05 02 0F 0F 02 02 05 04 04 05 05 02 0F 0F 02 02 
05 04 04 05 05 02 0F 0F 02 02 05 04 04 05 05 02 0F 0F 02 02 
05 04 04 05 05 02 0F 0F 02 02 05 04 04 05 05 02 0F 0F 02 02 
04 04 05 05 05 05 05 02 02 02 04 04 05 05 05 05 05 02 02 02 
04 04 05 05 05 05 05 02 02 02 04 04 05 05 05 05 05 02 02 02 
04 04 05 05 05 05 05 02 02 02 04 04 05 05 05 05 05 02 02 02 
04 04 05 05 05 05 05 02 02 02 04 04 05 05 05 05 05 02 02 02 
04 04 05 05 05 05 05 02 02 02 04 04 05 05 05 05 05 02 02 02 
05 04 04 05 05 02 0F 0F 02 02 05 04 04 05 05 02 0F 0F 02 02 
05 04 04 05 05 02 0F 0F 02 02 05 04 04 05 05 02 0F 0F 02 02 
05 04 04 05 05 02 0F 0F 02 02 05 04 04 05 05 02 0F 0F 02 02 
05 04 04 05 05 02 0F 0F 02 02 05 04 04 05 05 02 0F 0F 02 02 
05 04 04 05 05 02 0F 0F 02 02 05 04 04 05 05 02 0F 0F 02 02 
04 04 05 05 05 05 05 02 02 02 04 04 05 05 05 05 05 02 02 02 
04 04 05 05 05 05 05 02 02 02 04 04 05 05 05 05 05 02 02 02 
04 04 05 05 05 05 05 02 02 02 04 04 05 05 05 05 05 02 02 02 
04 04 05 05 05 05 05 02 02 02 04 04 05 05 05 05 05 02 02 02 
04 04 05 05 05 05 05 02 02 02 04 04 05 05 05 05 05 02 02 02 
05 04 04 05 05 02 0F 0F 02 02 05 04 04 05 05 02 0F 0F 02 02 
05 04 04 05 05 02 0F 0F 02 02 05 04 04 05 05 02 0F 0F 02 02 
05 04 04 05 05 02 0F 0F 02 02 05 04 04 05 05 02 0F 0F 02 02 
05 04 04 05 05 02 0F 0F 02 02 05 04 04 05 05 02 0F 0F 02 02 
05 04 04 05 05 02 0F 0F 02 02 05 04 04 05 05 02 0F 0F 02 02 
04 04 05 05 05 05 05 02 02 02 04 04 05 05 05 05 05 02 02 02 
04 04 05 05 05 05 05 02 02 02 04 04 05 05 05 05 05 02 02 02 
04 04 05 05 05 05 05 02 02 02 04 04 05 05 05 05 05 02 02 02 
04 04 05 05 05 05 05 02 02 02 04 04 05 05 05 05 05 02 02 02 
04 04 05 05 05 05 05 02 02 02 04 04 05 05 05 05 05 02 02 02 
05 04 04 05 05 02 0F 0F 02 02 05 04 04 05 05 02 0F 0F 02 02 
05 04 04 05 05 02 0F 0F 02 02 05 04 04 05 05 02 0F 0F 02 02 
05 04 04 05 05 02 0F 0F 02 02 05 04 04 05 05 02 0F 0F 02 02 
05 04 04 05 05 02 0F 0F 02 02 05 04 04 05 05 02 0F 0F 02 02 
05 04 04 05 05 02 0F 0F 02 02 05 04 04 05 05 02 0F 0F 02 02 
04 04 05 05 05 05 05 02 02 02 04 04 05 05 05 05 05 02 02 02 
04 04 05 05 05 05 05 02 02 02 04 04 05 05 05 05 05 02 02 02 
04 04 05 05 05 05 05 02 02 02 04 04 05 05 05 05 05 02 02 02 
04 04 05 05 05 05 05 02 02 02 04 04 05 05 05 05 05 02 02 02 
04 04 05 05 05 05 05 02 02 02 04 04 05 05 05 05 05 02 02 02 
05 04 04 05 05 02 0F 0F 02 02 05 04 04 05 05 02 0F 0F 02 02 
05 04 04 05 05 02 0F 0F 02 02 05 04 04 05 05 02 0F 0F 02 02 
05 04 04 05 05 02 0F 0F 02 02 05 04 04 05 05 02 0F 0F 02 02 
05 04 04 05 05 02 0F 0F 02 02 05 04 04 05 05 02 0F 0F 02 02 
05 04 04 05 05 02 0F 0F 02 02 05 04 04 05 05 02 0F 0F 02 02 
04 04 05 05 05 05 05 02 02 02 04 04 05 05 05 05 05 02 02 02 
04 04 05 05 05 05 05 02 02 02 04 04 05 05 05 05 05 02 02 02 
04 04 05 05 05 05 05 02 02 02 04 04 05 05 05 05 05 02 02 02 
04 04 05 05 05 05 05 02 02 02 04 04 05 05 05 05 05 02 02 02 
04 04 05 05 05 05 05 02 02 02 04 04 05 05 05 05 05 02 02 02 
05 04 04 05 05 02 0F 0F 02 02 05 04 04 05 05 02 0F 0F 02 02 
05 04 04 05 05 02 0F 0F 02 02 05 04 04 05 05 02 0F 0F 02 02 
05 04 04 05 05 02 0F 0F 02 02 05 04 04 05 05 02 0F 0F 02 02 
05 04 04 05 05 02 0F 0F 02 02 05 04 04 05 05 02 0F 0F 02 02 
05 04 04 05 05 02 0F 0F 02 02 05 04 04 05 05 02 0F 0F 02 02 

--- BAUDOT DECODE ---

  HHHHH


  HHHHH


  HHHHH


  HHHHH


  HHHHH


  HHHHH


  HHHHH


  HHHHH


  HHHHH


  HHHHH


H  HH
VV

H  HH
VV

H  HH
VV

H  HH
VV

H  HH
VV

H  HH
VV

H  HH
VV

H  HH
VV

H  HH
VV

H  HH
VV

  HHHHH


  HHHHH


  HHHHH


  HHHHH


  HHHHH


  HHHHH


  HHHHH


HHHHHTTOO
  HHHHH


  HHHHH


H  HH
VV

H  HH
VV

H  HH
VV

H  HH
VV

H  HH
VV

H  HH
VV

H  HH
VV

HHHHH
OONNH  HH
VV

H  HH
VV

  HHHHH


  HHHHH


  HHHHH


  HHHHH


  HHHHH


  HHHHH


  HHHHH


  HHHHH


  HHHHH


  HHHHH


H  HH
VV

H  HH
VV

H  HH
VV

H  HH
VV

H  HH
VV

H  HH
VV

H  HH
VV

H  HH
VV

H  HH
VV

H  HH
VV

  HHHHH


  HHHHH


  HHHHH


  HHHHH


  HHHHH


  HHHHH


  HHHHH


  HHHHH


  HHHHH


  HHHHH


H  HH
VV

H  HH
VV

H  HH
VV

H  HH
VV

H  HH
VV

H  HH
VV

H  HH
VV

H  HH
VV

H  HH
VV

H  HH
VV

  HHHHH


  HHHHH


  HHHHH


  HHHHH


  HHHHH


  HHHHH


  HHHHH


  HHHHH


  HHHHH


  HHHHH


H  HH
VV

H  HH
VV

H  HH
VV

H  HH
VV

H  HH
VV

H  HH
VV

H  HH
VV

H  HH
VV

H  HH
VV

H  HH
VV

  HHHHH


  HHHHH


  HHHHH


  HHHHH


  HHHHH


  HHHHH


  HHHHH


  HHHHH


  HHHHH


  HHHHH


H  HH
VV

H  HH
VV

H  HH
VV

H  HH
VV

H  HH
VV

H  HH
VV

H  HH
VV

H  HH
VV

H  HH
VV

H  HH
VV

  HHHHH


  HHHHH


  HHHHH


  HHHHH


  HHHHH


  HHHHH


  HHHHH


  HHHHH


  HHHHH


  HHHHH


H  HH
VV

H  HH
VV

H  HH
VV

H  HH
VV

H  HH
VV

H  HH
VV

H  HH
VV

H  HH
VV

H  HH
VV

H  HH
VV

  HHHHH


  HHHHH


  HHHHH


  HHHHH


  HHHHH


  HHHHH


  HHHHH


  HHHHH


  HHHHH


  HHHHH


H  HH
VV

H  HH
VV

H  HH
VV

H  HH
VV

H  HH
VV

H  HH
VV

H  HH
VV

H  HH
VV

H  HH
VV

H  HH
VV

  HHHHH


  HHHHH


  HHHHH


  HHHHH


  HHHHH


  HHHHH


  HHHHH


  HHHHH


  HHHHH


  HHHHH


H  HH
VV

H  HH
VV

H  HH
VV

H  HH
VV

H  HH
VV

H  HH
VV

H  HH
VV

H  HH
VV

H  HH
VV

H  HH
VV

  HHHHH


  HHHHH


  HHHHH


  HHHHH


  HHHHH


  HHHHH


  HHHHH


  HHHHH


  HHHHH


  HHHHH


H  HH
VV

H  HH
VV

H  HH
VV

H  HH
VV

H  HH
VV

H  HH
VV

H  HH
VV

H  HH
VV

H  HH
VV

H  HH
VV



--- 5-bit raw values as ASCII ---
[04] [04] [05] [05] [05] [05] [05] [02] [02] [02] [04] [04] [05] [05] [05] [05] [05] [02] [02] [02] [04] [04] [05] [05] [05] [05] [05] [02] [02] [02] [04] [04] [05] [05] [05] [05] [05] [02] [02] [02] 
[04] [04] [05] [05] [05] [05] [05] [02] [02] [02] [04] [04] [05] [05] [05] [05] [05] [02] [02] [02] [04] [04] [05] [05] [05] [05] [05] [02] [02] [02] [04] [04] [05] [05] [05] [05] [05] [02] [02] [02] 
[04] [04] [05] [05] [05] [05] [05] [02] [02] [02] [04] [04] [05] [05] [05] [05] [05] [02] [02] [02] [05] [04] [04] [05] [05] [02] [0F] [0F] [02] [02] [05] [04] [04] [05] [05] [02] [0F] [0F] [02] [02] 
[05] [04] [04] [05] [05] [02] [0F] [0F] [02] [02] [05] [04] [04] [05] [05] [02] [0F] [0F] [02] [02] [05] [04] [04] [05] [05] [02] [0F] [0F] [02] [02] [05] [04] [04] [05] [05] [02] [0F] [0F] [02] [02] 
[05] [04] [04] [05] [05] [02] [0F] [0F] [02] [02] [05] [04] [04] [05] [05] [02] [0F] [0F] [02] [02] [05] [04] [04] [05] [05] [02] [0F] [0F] [02] [02] [05] [04] [04] [05] [05] [02] [0F] [0F] [02] [02] 
[04] [04] [05] [05] [05] [05] [05] [02] [02] [02] [04] [04] [05] [05] [05] [05] [05] [02] [02] [02] [04] [04] [05] [05] [05] [05] [05] [02] [02] [02] [04] [04] [05] [05] [05] [05] [05] [02] [02] [02] 
[04] [04] [05] [05] [05] [05] [05] [02] [02] [02] [04] [04] [05] [05] [05] [05] [05] [02] [02] [02] [04] [04] [05] [05] [05] [05] [05] [02] [02] [02] [05] [05] [05] [05] [05] [01] [01] [03] [03] [02] 
[04] [04] [05] [05] [05] [05] [05] [02] [02] [02] [04] [04] [05] [05] [05] [05] [05] [02] [02] [02] [05] [04] [04] [05] [05] [02] [0F] [0F] [02] [02] [05] [04] [04] [05] [05] [02] [0F] [0F] [02] [02] 
[05] [04] [04] [05] [05] [02] [0F] [0F] [02] [02] [05] [04] [04] [05] [05] [02] [0F] [0F] [02] [02] [05] [04] [04] [05] [05] [02] [0F] [0F] [02] [02] [05] [04] [04] [05] [05] [02] [0F] [0F] [02] [02] 
[05] [04] [04] [05] [05] [02] [0F] [0F] [02] [02] [05] [05] [05] [05] [05] [02] [03] [03] [06] [06] [05] [00] [00] [05] [05] [02] [0F] [0F] [02] [02] [05] [04] [04] [05] [05] [02] [0F] [0F] [02] [02] 
[04] [04] [05] [05] [05] [05] [05] [02] [02] [02] [04] [04] [05] [05] [05] [05] [05] [02] [02] [02] [04] [04] [05] [05] [05] [05] [05] [02] [02] [02] [04] [04] [05] [05] [05] [05] [05] [02] [02] [02] 
[04] [04] [05] [05] [05] [05] [05] [02] [02] [02] [04] [04] [05] [05] [05] [05] [05] [02] [02] [02] [04] [04] [05] [05] [05] [05] [05] [02] [02] [02] [04] [04] [05] [05] [05] [05] [05] [02] [02] [02] 
[04] [04] [05] [05] [05] [05] [05] [02] [02] [02] [04] [04] [05] [05] [05] [05] [05] [02] [02] [02] [05] [04] [04] [05] [05] [02] [0F] [0F] [02] [02] [05] [04] [04] [05] [05] [02] [0F] [0F] [02] [02] 
[05] [04] [04] [05] [05] [02] [0F] [0F] [02] [02] [05] [04] [04] [05] [05] [02] [0F] [0F] [02] [02] [05] [04] [04] [05] [05] [02] [0F] [0F] [02] [02] [05] [04] [04] [05] [05] [02] [0F] [0F] [02] [02] 
[05] [04] [04] [05] [05] [02] [0F] [0F] [02] [02] [05] [04] [04] [05] [05] [02] [0F] [0F] [02] [02] [05] [04] [04] [05] [05] [02] [0F] [0F] [02] [02] [05] [04] [04] [05] [05] [02] [0F] [0F] [02] [02] 
[04] [04] [05] [05] [05] [05] [05] [02] [02] [02] [04] [04] [05] [05] [05] [05] [05] [02] [02] [02] [04] [04] [05] [05] [05] [05] [05] [02] [02] [02] [04] [04] [05] [05] [05] [05] [05] [02] [02] [02] 
[04] [04] [05] [05] [05] [05] [05] [02] [02] [02] [04] [04] [05] [05] [05] [05] [05] [02] [02] [02] [04] [04] [05] [05] [05] [05] [05] [02] [02] [02] [04] [04] [05] [05] [05] [05] [05] [02] [02] [02] 
[04] [04] [05] [05] [05] [05] [05] [02] [02] [02] [04] [04] [05] [05] [05] [05] [05] [02] [02] [02] [05] [04] [04] [05] [05] [02] [0F] [0F] [02] [02] [05] [04] [04] [05] [05] [02] [0F] [0F] [02] [02] 
[05] [04] [04] [05] [05] [02] [0F] [0F] [02] [02] [05] [04] [04] [05] [05] [02] [0F] [0F] [02] [02] [05] [04] [04] [05] [05] [02] [0F] [0F] [02] [02] [05] [04] [04] [05] [05] [02] [0F] [0F] [02] [02] 
[05] [04] [04] [05] [05] [02] [0F] [0F] [02] [02] [05] [04] [04] [05] [05] [02] [0F] [0F] [02] [02] [05] [04] [04] [05] [05] [02] [0F] [0F] [02] [02] [05] [04] [04] [05] [05] [02] [0F] [0F] [02] [02] 
[04] [04] [05] [05] [05] [05] [05] [02] [02] [02] [04] [04] [05] [05] [05] [05] [05] [02] [02] [02] [04] [04] [05] [05] [05] [05] [05] [02] [02] [02] [04] [04] [05] [05] [05] [05] [05] [02] [02] [02] 
[04] [04] [05] [05] [05] [05] [05] [02] [02] [02] [04] [04] [05] [05] [05] [05] [05] [02] [02] [02] [04] [04] [05] [05] [05] [05] [05] [02] [02] [02] [04] [04] [05] [05] [05] [05] [05] [02] [02] [02] 
[04] [04] [05] [05] [05] [05] [05] [02] [02] [02] [04] [04] [05] [05] [05] [05] [05] [02] [02] [02] [05] [04] [04] [05] [05] [02] [0F] [0F] [02] [02] [05] [04] [04] [05] [05] [02] [0F] [0F] [02] [02] 
[05] [04] [04] [05] [05] [02] [0F] [0F] [02] [02] [05] [04] [04] [05] [05] [02] [0F] [0F] [02] [02] [05] [04] [04] [05] [05] [02] [0F] [0F] [02] [02] [05] [04] [04] [05] [05] [02] [0F] [0F] [02] [02] 
[05] [04] [04] [05] [05] [02] [0F] [0F] [02] [02] [05] [04] [04] [05] [05] [02] [0F] [0F] [02] [02] [05] [04] [04] [05] [05] [02] [0F] [0F] [02] [02] [05] [04] [04] [05] [05] [02] [0F] [0F] [02] [02] 
[04] [04] [05] [05] [05] [05] [05] [02] [02] [02] [04] [04] [05] [05] [05] [05] [05] [02] [02] [02] [04] [04] [05] [05] [05] [05] [05] [02] [02] [02] [04] [04] [05] [05] [05] [05] [05] [02] [02] [02] 
[04] [04] [05] [05] [05] [05] [05] [02] [02] [02] [04] [04] [05] [05] [05] [05] [05] [02] [02] [02] [04] [04] [05] [05] [05] [05] [05] [02] [02] [02] [04] [04] [05] [05] [05] [05] [05] [02] [02] [02] 
[04] [04] [05] [05] [05] [05] [05] [02] [02] [02] [04] [04] [05] [05] [05] [05] [05] [02] [02] [02] [05] [04] [04] [05] [05] [02] [0F] [0F] [02] [02] [05] [04] [04] [05] [05] [02] [0F] [0F] [02] [02] 
[05] [04] [04] [05] [05] [02] [0F] [0F] [02] [02] [05] [04] [04] [05] [05] [02] [0F] [0F] [02] [02] [05] [04] [04] [05] [05] [02] [0F] [0F] [02] [02] [05] [04] [04] [05] [05] [02] [0F] [0F] [02] [02] 
[05] [04] [04] [05] [05] [02] [0F] [0F] [02] [02] [05] [04] [04] [05] [05] [02] [0F] [0F] [02] [02] [05] [04] [04] [05] [05] [02] [0F] [0F] [02] [02] [05] [04] [04] [05] [05] [02] [0F] [0F] [02] [02] 
[04] [04] [05] [05] [05] [05] [05] [02] [02] [02] [04] [04] [05] [05] [05] [05] [05] [02] [02] [02] [04] [04] [05] [05] [05] [05] [05] [02] [02] [02] [04] [04] [05] [05] [05] [05] [05] [02] [02] [02] 
[04] [04] [05] [05] [05] [05] [05] [02] [02] [02] [04] [04] [05] [05] [05] [05] [05] [02] [02] [02] [04] [04] [05] [05] [05] [05] [05] [02] [02] [02] [04] [04] [05] [05] [05] [05] [05] [02] [02] [02] 
[04] [04] [05] [05] [05] [05] [05] [02] [02] [02] [04] [04] [05] [05] [05] [05] [05] [02] [02] [02] [05] [04] [04] [05] [05] [02] [0F] [0F] [02] [02] [05] [04] [04] [05] [05] [02] [0F] [0F] [02] [02] 
[05] [04] [04] [05] [05] [02] [0F] [0F] [02] [02] [05] [04] [04] [05] [05] [02] [0F] [0F] [02] [02] [05] [04] [04] [05] [05] [02] [0F] [0F] [02] [02] [05] [04] [04] [05] [05] [02] [0F] [0F] [02] [02] 
[05] [04] [04] [05] [05] [02] [0F] [0F] [02] [02] [05] [04] [04] [05] [05] [02] [0F] [0F] [02] [02] [05] [04] [04] [05] [05] [02] [0F] [0F] [02] [02] [05] [04] [04] [05] [05] [02] [0F] [0F] [02] [02] 
[04] [04] [05] [05] [05] [05] [05] [02] [02] [02] [04] [04] [05] [05] [05] [05] [05] [02] [02] [02] [04] [04] [05] [05] [05] [05] [05] [02] [02] [02] [04] [04] [05] [05] [05] [05] [05] [02] [02] [02] 
[04] [04] [05] [05] [05] [05] [05] [02] [02] [02] [04] [04] [05] [05] [05] [05] [05] [02] [02] [02] [04] [04] [05] [05] [05] [05] [05] [02] [02] [02] [04] [04] [05] [05] [05] [05] [05] [02] [02] [02] 
[04] [04] [05] [05] [05] [05] [05] [02] [02] [02] [04] [04] [05] [05] [05] [05] [05] [02] [02] [02] [05] [04] [04] [05] [05] [02] [0F] [0F] [02] [02] [05] [04] [04] [05] [05] [02] [0F] [0F] [02] [02] 
[05] [04] [04] [05] [05] [02] [0F] [0F] [02] [02] [05] [04] [04] [05] [05] [02] [0F] [0F] [02] [02] [05] [04] [04] [05] [05] [02] [0F] [0F] [02] [02] [05] [04] [04] [05] [05] [02] [0F] [0F] [02] [02] 
[05] [04] [04] [05] [05] [02] [0F] [0F] [02] [02] [05] [04] [04] [05] [05] [02] [0F] [0F] [02] [02] [05] [04] [04] [05] [05] [02] [0F] [0F] [02] [02] [05] [04] [04] [05] [05] [02] [0F] [0F] [02] [02] 
[04] [04] [05] [05] [05] [05] [05] [02] [02] [02] [04] [04] [05] [05] [05] [05] [05] [02] [02] [02] [04] [04] [05] [05] [05] [05] [05] [02] [02] [02] [04] [04] [05] [05] [05] [05] [05] [02] [02] [02] 
[04] [04] [05] [05] [05] [05] [05] [02] [02] [02] [04] [04] [05] [05] [05] [05] [05] [02] [02] [02] [04] [04] [05] [05] [05] [05] [05] [02] [02] [02] [04] [04] [05] [05] [05] [05] [05] [02] [02] [02] 
[04] [04] [05] [05] [05] [05] [05] [02] [02] [02] [04] [04] [05] [05] [05] [05] [05] [02] [02] [02] [05] [04] [04] [05] [05] [02] [0F] [0F] [02] [02] [05] [04] [04] [05] [05] [02] [0F] [0F] [02] [02] 
[05] [04] [04] [05] [05] [02] [0F] [0F] [02] [02] [05] [04] [04] [05] [05] [02] [0F] [0F] [02] [02] [05] [04] [04] [05] [05] [02] [0F] [0F] [02] [02] [05] [04] [04] [05] [05] [02] [0F] [0F] [02] [02] 
[05] [04] [04] [05] [05] [02] [0F] [0F] [02] [02] [05] [04] [04] [05] [05] [02] [0F] [0F] [02] [02] [05] [04] [04] [05] [05] [02] [0F] [0F] [02] [02] [05] [04] [04] [05] [05] [02] [0F] [0F] [02] [02] 
[04] [04] [05] [05] [05] [05] [05] [02] [02] [02] [04] [04] [05] [05] [05] [05] [05] [02] [02] [02] [04] [04] [05] [05] [05] [05] [05] [02] [02] [02] [04] [04] [05] [05] [05] [05] [05] [02] [02] [02] 
[04] [04] [05] [05] [05] [05] [05] [02] [02] [02] [04] [04] [05] [05] [05] [05] [05] [02] [02] [02] [04] [04] [05] [05] [05] [05] [05] [02] [02] [02] [04] [04] [05] [05] [05] [05] [05] [02] [02] [02] 
[04] [04] [05] [05] [05] [05] [05] [02] [02] [02] [04] [04] [05] [05] [05] [05] [05] [02] [02] [02] [05] [04] [04] [05] [05] [02] [0F] [0F] [02] [02] [05] [04] [04] [05] [05] [02] [0F] [0F] [02] [02] 
[05] [04] [04] [05] [05] [02] [0F] [0F] [02] [02] [05] [04] [04] [05] [05] [02] [0F] [0F] [02] [02] [05] [04] [04] [05] [05] [02] [0F] [0F] [02] [02] [05] [04] [04] [05] [05] [02] [0F] [0F] [02] [02] 
[05] [04] [04] [05] [05] [02] [0F] [0F] [02] [02] [05] [04] [04] [05] [05] [02] [0F] [0F] [02] [02] [05] [04] [04] [05] [05] [02] [0F] [0F] [02] [02] [05] [04] [04] [05] [05] [02] [0F] [0F] [02] [02] 
