================================================================================
METHOD 3: 7-Track Tape + Sprocket Col1 (content_all)
================================================================================

Column 1 treated as sprocket track (skipped).
Remaining 7 bits per row read as 7-bit ASCII.
Grid source: content_all

Total frames: 2000
Printable ASCII: 304 (15.2%)
Alpha letters: 192 (9.6%)
Unique byte values: 18


--------------------------------------------------------------------------------
RAW FRAMES (hex)
--------------------------------------------------------------------------------

0000: 00 00 00 00 00 00 00 00 00 00 00 00 00 00 00 04   ................
0010: 04 00 00 00 00 00 00 00 00 04 04 00 00 00 00 00   ................
0020: 00 00 00 04 04 00 00 00 00 00 00 00 00 0C 04 00   ................
0030: 00 00 00 00 00 00 00 0C 04 00 00 00 04 04 00 00   ................
0040: 00 0C 04 00 00 00 00 00 00 00 00 0C 04 00 00 00   ................
0050: 00 00 00 00 00 04 00 00 00 00 00 00 00 00 00 00   ................
0060: 00 00 00 00 00 00 00 00 00 00 00 00 00 00 00 00   ................
0070: 03 00 00 00 00 00 00 01 00 03 03 00 04 00 00 00   ................
0080: 00 01 00 00 03 00 00 00 00 00 00 21 00 01 03 00   ...........!....
0090: 04 00 00 00 00 31 00 00 03 00 04 00 00 00 10 33   .....1.........3
00A0: 00 00 03 00 00 00 00 00 00 01 00 00 03 00 00 00   ................
00B0: 00 00 00 00 00 00 00 00 00 00 00 00 00 00 00 00   ................
00C0: 00 00 00 00 00 00 00 00 00 00 00 00 00 04 0C 00   ................
00D0: 00 00 00 00 00 00 00 04 0C 00 00 00 00 00 00 00   ................
00E0: 00 04 04 00 00 00 00 01 00 00 00 04 0C 00 00 00   ................
00F0: 00 03 00 00 00 0C 0C 00 00 00 00 00 00 00 00 04   ................
0100: 0C 00 10 00 00 00 00 00 00 04 0C 00 01 00 00 00   ................
0110: 00 00 00 00 00 00 00 00 00 00 00 00 00 00 04 00   ................
0120: 00 00 00 00 00 00 00 00 00 00 00 00 00 00 00 00   ................
0130: 00 00 00 00 00 01 00 00 00 00 00 00 00 00 00 31   ...............1
0140: 00 00 00 00 04 00 00 00 01 31 00 00 00 04 04 00   .........1......
0150: 00 00 00 33 00 00 00 00 04 00 00 00 01 73 00 00   ...3.........s..
0160: 00 00 04 00 00 00 10 11 00 00 00 00 00 00 00 00   ................
0170: 00 01 00 00 00 00 00 00 00 00 00 00 00 00 00 00   ................
0180: 00 00 00 00 00 00 00 00 00 00 00 00 00 00 00 00   ................
0190: 00 00 00 00 00 00 04 00 00 00 00 00 00 00 00 00   ................
01A0: 04 00 01 00 00 00 00 00 00 04 04 00 00 00 00 00   ................
01B0: 00 04 00 04 04 00 00 00 04 00 00 04 00 0C 04 00   ................
01C0: 01 01 00 00 00 00 00 00 04 10 11 11 00 07 04 04   ................
01D0: 04 00 0C 00 01 01 00 01 04 00 04 00 0C 00 00 00   ................
01E0: 00 00 00 00 00 00 0C 00 00 00 00 00 00 00 00 00   ................
01F0: 04 00 00 00 00 00 03 04 00 00 00 00 01 01 00 00   ................
0200: 03 04 00 00 00 00 31 31 00 00 03 04 00 00 00 00   ......11........
0210: 31 21 00 00 03 00 00 00 00 00 01 01 00 00 03 04   1!..............
0220: 00 00 00 00 31 31 04 00 03 00 04 11 00 00 11 31   ....11.........1
0230: 04 00 03 04 04 01 00 00 21 31 04 00 03 00 00 00   ........!1......
0240: 00 00 01 21 00 00 03 04 00 00 00 00 00 01 00 00   ...!............
0250: 00 00 00 00 00 00 00 01 00 00 00 00 00 04 0C 00   ................
0260: 00 00 00 00 00 00 00 04 0C 00 00 00 00 01 00 00   ................
0270: 00 04 0C 00 01 01 00 01 00 00 00 0C 0C 00 00 00   ................
0280: 00 03 00 00 00 0C 0C 00 00 00 47 07 00 00 00 4C   ..........G....L
0290: 4C 00 00 00 04 07 00 00 00 0C 0C 00 00 00 00 00   L...............
02A0: 00 00 00 00 04 00 00 00 00 00 00 00 00 00 0C 00   ................
02B0: 00 00 00 00 00 00 00 00 04 00 00 00 00 00 03 00   ................
02C0: 00 00 00 00 00 00 00 03 03 00 00 00 00 00 00 31   ...............1
02D0: 00 07 47 00 04 00 00 00 01 31 00 00 47 00 04 00   ..G......1..G...
02E0: 00 00 00 73 00 00 03 00 04 00 00 00 01 73 00 03   ...s.........s..
02F0: 07 04 1C 00 00 01 11 73 00 07 47 00 04 00 00 00   .......s..G.....
0300: 10 33 00 47 47 00 0C 00 00 00 10 71 00 00 07 00   .3.GG......q....
0310: 04 00 00 00 00 31 00 00 03 00 00 00 00 00 01 31   .....1.........1
0320: 00 00 00 00 00 00 00 00 00 01 00 00 00 00 00 04   ................
0330: 04 00 31 00 00 00 04 44 00 04 04 01 31 01 04 00   ..1....D....1...
0340: 44 4C 04 0C 04 01 33 01 00 00 04 4C 04 0C 04 01   DL....3....L....
0350: 73 21 04 00 04 4C 04 04 04 14 33 15 04 00 04 4C   s!...L....3....L
0360: 04 0C 00 00 33 31 00 00 04 5C 00 0C 00 00 33 01   ....31...\....3.
0370: 00 00 04 04 00 04 00 00 31 00 00 00 00 04 00 04   ........1.......
0380: 00 00 31 00 04 07 03 04 44 01 00 00 01 77 4C 47   ..1.....D....wLG
0390: 03 04 4C 73 00 00 31 73 4C 47 03 04 44 71 00 00   ..Ls..1sLG..Dq..
03A0: 31 71 4C 47 03 04 04 73 00 00 01 33 4C 47 00 00   1qLG...s...3LG..
03B0: 04 73 00 00 00 31 4D 47 00 00 00 73 01 00 10 31   .s...1MG...s...1
03C0: 4C 47 00 00 00 73 00 00 00 31 44 03 00 00 00 31   LG...s...1D....1
03D0: 00 00 00 01 44 03 00 00 00 31 00 00 00 01 04 00   ....D....1......
03E0: 00 00 00 01 00 00 00 01 00 00 00 00 00 04 00 00   ................
03F0: 01 01 00 00 00 0C 04 04 04 00 33 11 00 00 00 4C   ..........3....L
0400: 04 00 04 00 33 31 00 00 04 4C 04 00 04 00 33 73   ....31...L....3s
0410: 00 00 00 4C 64 00 1C 31 33 31 00 01 1C 0C 04 00   ...Ld..131......
0420: 2C 33 33 73 00 47 4C 44 44 00 0C 33 33 71 00 47   ,33s.GLDD..33q.G
0430: 5C 44 04 00 0C 31 33 31 00 07 44 04 00 00 1C 30   \D...131..D....0
0440: 31 01 00 03 04 00 00 00 0C 00 00 01 04 03 00 00   1...............
0450: 00 03 00 00 00 00 4C 00 00 00 00 31 00 00 00 00   ......L....1....
0460: 04 00 00 00 00 31 00 00 00 00 04 00 00 00 00 73   .....1.........s
0470: 00 00 00 00 44 00 01 00 00 31 00 00 00 00 04 00   ....D....1......
0480: 00 00 00 71 00 00 00 00 04 00 00 00 00 21 00 00   ...q.........!..
0490: 00 00 04 00 00 00 00 01 00 00 00 01 04 00 00 00   ................
04A0: 00 00 00 00 00 01 00 00 00 00 00 00 00 00 00 01   ................
04B0: 00 00 00 00 00 00 04 00 00 00 00 00 00 04 04 00   ................
04C0: 04 00 00 01 00 00 00 00 04 00 04 00 01 01 00 00   ................
04D0: 00 00 00 00 0C 00 01 11 00 01 04 04 04 00 0C 01   ................
04E0: 31 71 00 00 04 04 04 00 0C 11 11 11 00 00 04 00   1q..............
04F0: 04 00 0C 00 01 00 00 03 04 00 00 04 0C 01 00 00   ................
0500: 00 07 04 00 00 04 4C 01 00 00 00 03 04 00 00 0C   ......L.........
0510: 0C 00 01 00 00 00 03 00 00 00 00 00 00 01 00 01   ................
0520: 03 00 00 00 00 00 00 21 00 03 03 00 00 00 00 00   .......!........
0530: 00 31 00 03 07 04 0C 00 00 00 11 73 04 03 47 00   .1.........s..G.
0540: 44 00 00 00 31 73 00 03 47 04 1C 10 00 00 13 73   D...1s..G......s
0550: 00 02 47 04 44 00 00 00 31 73 00 00 07 04 44 00   ..G.D...1s....D.
0560: 00 00 21 73 00 00 03 44 4C 00 00 00 33 73 00 00   ..!s...DL...3s..
0570: 03 44 44 00 00 00 01 31 00 00 44 44 00 04 0C 00   .DD....1..DD....
0580: 33 00 00 00 00 0C 00 0C 0C 00 33 01 01 03 00 04   3.........3.....
0590: 00 4C 0C 01 31 01 07 01 04 4C 00 4C 0C 10 33 01   .L..1....L.L..3.
05A0: 47 00 04 4C 04 4C 0C 00 73 01 47 00 04 0C 04 4C   G..L.L..s.G....L
05B0: 04 10 33 11 47 00 04 44 04 5C 0C 00 33 31 45 00   ..3.G..D.\..31E.
05C0: 04 4C 04 4C 04 01 73 31 04 00 04 4C 04 0C 04 00   .L.L..s1...L....
05D0: 31 31 04 00 00 04 00 04 00 00 31 01 00 00 03 00   11........1.....
05E0: 00 01 00 00 01 01 04 07 07 00 04 33 00 00 01 31   ...........3...1
05F0: 44 47 47 00 00 31 00 00 01 31 04 47 03 00 00 73   DGG..1...1.G...s
0600: 00 00 01 31 4C 47 03 04 04 71 00 00 01 31 4C 47   ...1LG...q...1LG
0610: 03 04 04 73 00 00 10 33 4C 47 02 00 04 73 00 00   ...s...3LG...s..
0620: 00 33 4C 47 01 00 04 73 01 00 00 31 4C 47 03 00   .3LG...s...1LG..
0630: 00 73 00 00 00 31 4D 47 00 00 00 71 00 00 00 01   .s...1MG...q....
0640: 00 00 00 44 00 00 04 00 33 01 00 00 00 4C 00 00   ...D....3....L..
0650: 04 00 01 01 00 00 00 04 04 00 04 00 01 01 00 00   ................
0660: 00 04 00 00 04 00 01 01 00 00 00 04 00 00 04 00   ................
0670: 31 00 00 00 00 04 00 00 0C 01 11 10 00 47 4C 00   1............GL.
0680: 00 00 0C 31 21 01 00 40 44 04 04 00 0C 31 01 11   ...1!..@D....1..
0690: 00 07 4C 04 04 00 0C 31 31 00 00 07 04 00 00 00   ..L....11.......
06A0: 0C 01 01 01 04 00 03 04 04 21 00 00 33 33 04 00   .........!..33..
06B0: 03 4C 0C 01 00 00 73 73 04 00 03 4C 4C 01 00 00   .L....ss...LL...
06C0: 73 73 04 00 03 4C 44 01 00 00 73 71 04 00 03 4C   ss...LD...sq...L
06D0: 04 00 00 00 73 31 04 00 03 4C 04 11 00 00 73 11   ....s1...L....s.
06E0: 00 00 07 44 00 01 00 00 33 31 04 00 03 44 00 01   ...D....31...D..
06F0: 00 00 33 31 04 00 01 00 00 00 00 00 31 01 00 00   ..31........1...
0700: 00 00 00 01 00 00 01 31 40 47 00 00 00 0C 4C 01   .......1@G....L.
0710: 00 00 47 4F 04 00 00 4E 4C 11 00 00 47 4F 04 00   ..GO...NL...GO..
0720: 00 4C 4C 01 00 00 47 4F 44 00 00 4C 4C 33 00 00   .LL...GOD..LL3..
0730: 04 4F 4C 00 00 0C 4C 73 00 00 00 47 4C 00 00 04   .OL...Ls...GL...
0740: 4C 71 00 00 04 47 44 00 00 0C 4C 00 00 00 00 47   Lq...GD...L....G
0750: 00 00 00 1C 4C 00 00 00 00 03 00 00 00 04 1C 00   ....L...........
0760: 00 00 00 01 00 00 00 04 0C 00 00 00 00 00 00 00   ................
0770: 4C 00 00 00 00 73 00 00 00 00 4C 00 00 00 00 73   L....s....L....s
0780: 00 00 03 00 4C 00 00 00 00 71 00 00 00 00 4C 00   ....L....q....L.
0790: 00 00 00 73 00 00 00 01 0C 00 00 00 00 73 00 00   ...s.........s..
07A0: 00 00 0D 00 00 00 00 73 00 00 02 00 4C 00 00 00   .......s....L...
07B0: 00 73 00 00 00 00 4C 00 00 00 00 73 00 00 00 00   .s....L....s....
07C0: 4C 00 00 00 00 73 00 00 00 00 4C 00 00 00 00 71   L....s....L....q

--------------------------------------------------------------------------------
DECODED TEXT
--------------------------------------------------------------------------------

[00][00][00][00][00][00][00][00][00][00][00][00][00][00][00][04][04][00][00][00][00][00][00][00][00][04][04][00][00][00][00][00][00][00][00][04][04][00][00][00][00][00][00][00][00][0C][04][00][00][00][00][00][00][00][00][0C][04][00][00][00][04][04][00][00][00][0C][04][00][00][00][00][00][00][00][00][0C][04][00][00][00][00][00][00][00][00][04][00][00][00][00][00][00][00][00][00][00][00][00][00][00][00][00][00][00][00][00][00][00][00][00][00][00][03][00][00][00][00][00][00][01][00][03][03][00][04][00][00][00][00][01][00][00][03][00][00][00][00][00][00]![00][01][03][00][04][00][00][00][00]1[00][00][03][00][04][00][00][00][10]3[00][00][03][00][00][00][00][00][00][01][00][00][03][00][00][00][00][00][00][00][00][00][00][00][00][00][00][00][00][00][00][00][00][00][00][00][00][00][00][00][00][00][00][00][00][04][0C][00][00][00][00][00][00][00][00][04][0C][00][00][00][00][00][00][00][00][04][04][00][00][00][00][01][00][00][00][04][0C][00][00][00][00][03][00][00][00][0C][0C][00][00][00][00][00][00][00][00][04][0C][00][10][00][00][00][00][00][00][04][0C][00][01][00][00][00][00][00][00][00][00][00][00][00][00][00][00][00][00][00][04][00][00][00][00][00][00][00][00][00][00][00][00][00][00][00][00][00][00][00][00][00][00][01][00][00][00][00][00][00][00][00][00]1[00][00][00][00][04][00][00][00][01]1[00][00][00][04][04][00][00][00][00]3[00][00][00][00][04][00][00][00][01]s[00][00][00][00][04][00][00][00][10][11][00][00][00][00][00][00][00][00][00][01][00][00][00][00][00][00][00][00][00][00][00][00][00][00][00][00][00][00][00][00][00][00][00][00][00][00][00][00][00][00][00][00][00][00][00][00][04][00][00][00][00][00][00][00][00][00][04][00][01][00][00][00][00][00][00][04][04][00][00][00][00][00][00][04][00][04][04][00][00][00][04][00][00][04][00][0C][04][00][01][01][00][00][00][00][00][00][04][10][11][11][00][07][04][04][04][00][0C][00][01][01][00][01][04][00][04][00][0C][00][00][00][00][00][00][00][00][00][0C][00][00][00][00][00][00][00][00][00][04][00][00][00][00][00][03][04][00][00][00][00][01][01][00][00][03][04][00][00][00][00]11[00][00][03][04][00][00][00][00]1![00][00][03][00][00][00][00][00][01][01][00][00][03][04][00][00][00][00]11[04][00][03][00][04][11][00][00][11]1[04][00][03][04][04][01][00][00]!1[04][00][03][00][00][00][00][00][01]![00][00][03][04][00][00][00][00][00][01][00][00][00][00][00][00][00][00][00][01][00][00][00][00][00][04][0C][00][00][00][00][00][00][00][00][04][0C][00][00][00][00][01][00][00][00][04][0C][00][01][01][00][01][00][00][00][0C][0C][00][00][00][00][03][00][00][00][0C][0C][00][00][00]G[07][00][00][00]LL[00][00][00][04][07][00][00][00][0C][0C][00][00][00][00][00][00][00][00][00][04][00][00][00][00][00][00][00][00][00][0C][00][00][00][00][00][00][00][00][00][04][00][00][00][00][00][03][00][00][00][00][00][00][00][00][03][03][00][00][00][00][00][00]1[00][07]G[00][04][00][00][00][01]1[00][00]G[00][04][00][00][00][00]s[00][00][03][00][04][00][00][00][01]s[00][03][07][04][1C][00][00][01][11]s[00][07]G[00][04][00][00][00][10]3[00]GG[00][0C][00][00][00][10]q[00][00][07][00][04][00][00][00][00]1[00][00][03][00][00][00][00][00][01]1[00][00][00][00][00][00][00][00][00][01][00][00][00][00][00][04][04][00]1[00][00][00][04]D[00][04][04][01]1[01][04][00]DL[04][0C][04][01]3[01][00][00][04]L[04][0C][04][01]s![04][00][04]L[04][04][04][14]3[15][04][00][04]L[04][0C][00][00]31[00][00][04]\[00][0C][00][00]3[01][00][00][04][04][00][04][00][00]1[00][00][00][00][04][00][04][00][00]1[00][04][07][03][04]D[01][00][00][01]wLG[03][04]Ls[00][00]1sLG[03][04]Dq[00][00]1qLG[03][04][04]s[00][00][01]3LG[00][00][04]s[00][00][00]1MG[00][00][00]s[01][00][10]1LG[00][00][00]s[00][00][00]1D[03][00][00][00]1[00][00][00][01]D[03][00][00][00]1[00][00][00][01][04][00][00][00][00][01][00][00][00][01][00][00][00][00][00][04][00][00][01][01][00][00][00][0C][04][04][04][00]3[11][00][00][00]L[04][00][04][00]31[00][00][04]L[04][00][04][00]3s[00][00][00]Ld[00][1C]131[00][01][1C][0C][04][00],33s[00]GLDD[00][0C]33q[00]G\D[04][00][0C]131[00][07]D[04][00][00][1C]01[01][00][03][04][00][00][00][0C][00][00][01][04][03][00][00][00][03][00][00][00][00]L[00][00][00][00]1[00][00][00][00][04][00][00][00][00]1[00][00][00][00][04][00][00][00][00]s[00][00][00][00]D[00][01][00][00]1[00][00][00][00][04][00][00][00][00]q[00][00][00][00][04][00][00][00][00]![00][00][00][00][04][00][00][00][00][01][00][00][00][01][04][00][00][00][00][00][00][00][00][01][00][00][00][00][00][00][00][00][00][01][00][00][00][00][00][00][04][00][00][00][00][00][00][04][04][00][04][00][00][01][00][00][00][00][04][00][04][00][01][01][00][00][00][00][00][00][0C][00][01][11][00][01][04][04][04][00][0C][01]1q[00][00][04][04][04][00][0C][11][11][11][00][00][04][00][04][00][0C][00][01][00][00][03][04][00][00][04][0C][01][00][00][00][07][04][00][00][04]L[01][00][00][00][03][04][00][00][0C][0C][00][01][00][00][00][03][00][00][00][00][00][00][01][00][01][03][00][00][00][00][00][00]![00][03][03][00][00][00][00][00][00]1[00][03][07][04][0C][00][00][00][11]s[04][03]G[00]D[00][00][00]1s[00][03]G[04][1C][10][00][00][13]s[00][02]G[04]D[00][00][00]1s[00][00][07][04]D[00][00][00]!s[00][00][03]DL[00][00][00]3s[00][00][03]DD[00][00][00][01]1[00][00]DD[00][04][0C][00]3[00][00][00][00][0C][00][0C][0C][00]3[01][01][03][00][04][00]L[0C][01]1[01][07][01][04]L[00]L[0C][10]3[01]G[00][04]L[04]L[0C][00]s[01]G[00][04][0C][04]L[04][10]3[11]G[00][04]D[04]\[0C][00]31E[00][04]L[04]L[04][01]s1[04][00][04]L[04][0C][04][00]11[04][00][00][04][00][04][00][00]1[01][00][00][03][00][00][01][00][00][01][01][04][07][07][00][04]3[00][00][01]1DGG[00][00]1[00][00][01]1[04]G[03][00][00]s[00][00][01]1LG[03][04][04]q[00][00][01]1LG[03][04][04]s[00][00][10]3LG[02][00][04]s[00][00][00]3LG[01][00][04]s[01][00][00]1LG[03][00][00]s[00][00][00]1MG[00][00][00]q[00][00][00][01][00][00][00]D[00][00][04][00]3[01][00][00][00]L[00][00][04][00][01][01][00][00][00][04][04][00][04][00][01][01][00][00][00][04][00][00][04][00][01][01][00][00][00][04][00][00][04][00]1[00][00][00][00][04][00][00][0C][01][11][10][00]GL[00][00][00][0C]1![01][00]@D[04][04][00][0C]1[01][11][00][07]L[04][04][00][0C]11[00][00][07][04][00][00][00][0C][01][01][01][04][00][03][04][04]![00][00]33[04][00][03]L[0C][01][00][00]ss[04][00][03]LL[01][00][00]ss[04][00][03]LD[01][00][00]sq[04][00][03]L[04][00][00][00]s1[04][00][03]L[04][11][00][00]s[11][00][00][07]D[00][01][00][00]31[04][00][03]D[00][01][00][00]31[04][00][01][00][00][00][00][00]1[01][00][00][00][00][00][01][00][00][01]1@G[00][00][00][0C]L[01][00][00]GO[04][00][00]NL[11][00][00]GO[04][00][00]LL[01][00][00]GOD[00][00]LL3[00][00][04]OL[00][00][0C]Ls[00][00][00]GL[00][00][04]Lq[00][00][04]GD[00][00][0C]L[00][00][00][00]G[00][00][00][1C]L[00][00][00][00][03][00][00][00][04][1C][00][00][00][00][01][00][00][00][04][0C][00][00][00][00][00][00][00]L[00][00][00][00]s[00][00][00][00]L[00][00][00][00]s[00][00][03][00]L[00][00][00][00]q[00][00][00][00]L[00][00][00][00]s[00][00][00][01][0C][00][00][00][00]s[00][00][00][00][0D][00][00][00][00]s[00][00][02][00]L[00][00][00][00]s[00][00][00][00]L[00][00][00][00]s[00][00][00][00]L[00][00][00][00]s[00][00][00][00]L[00][00][00][00]q

--------------------------------------------------------------------------------
ALL UNIQUE BYTE STATS
--------------------------------------------------------------------------------

  0x21    !:   10 ##########
  0x2C    ,:    1 #
  0x30    0:    1 #
  0x31    1:   63 ########################################
  0x33    3:   32 ################################
  0x40    @:    2 ##
  0x44    D:   28 ############################
  0x45    E:    1 #
  0x47    G:   37 #####################################
  0x4C    L:   62 ########################################
  0x4D    M:    2 ##
  0x4E    N:    1 #
  0x4F    O:    4 ####
  0x5C    \:    3 ###
  0x64    d:    1 #
  0x71    q:   12 ############
  0x73    s:   43 ########################################
  0x77    w:    1 #
