================================================================================
METHOD 17: Reversed Tape (content_all)
================================================================================

Full tape read in reverse order (end to start).
8-track row-major, reversed frame sequence.

Total frames: 2000
Printable ASCII: 253 (12.7%)
Alpha letters: 197 (9.8%)
Unique byte values: 20


--------------------------------------------------------------------------------
RAW FRAMES (hex)
--------------------------------------------------------------------------------

0000: F1 00 00 00 00 CC 00 00 00 00 F3 00 00 00 00 CC   ................
0010: 00 00 00 00 F3 00 00 00 00 CC 00 00 00 00 F3 00   ................
0020: 00 00 00 CC 00 02 00 00 F3 00 00 00 00 4D 00 00   .............M..
0030: 00 00 F3 00 00 00 00 4C 01 00 00 00 F3 00 00 00   .......L........
0040: 00 CC 00 00 00 00 F1 00 00 00 00 CC 00 03 00 00   ................
0050: F3 00 00 00 00 CC 00 00 00 00 F3 00 00 00 00 CC   ................
0060: 00 00 00 00 00 00 00 0C 04 00 00 00 41 00 00 00   ............A...
0070: 00 1C 04 00 00 00 43 00 00 00 00 CC 1C 00 00 00   ......C.........
0080: C7 40 00 00 40 CC 0C 00 00 C4 C7 44 00 00 F1 CC   .@..@......D....
0090: 04 00 00 CC C7 40 00 00 F3 CC 0C 00 00 CC CF 44   .....@.........D
00A0: 00 00 73 CC CC 00 00 84 CF C7 00 00 41 CC CC 00   ..s.........A...
00B0: 00 04 CF C7 00 00 51 CC CE 00 00 04 CF C7 00 00   ......Q.........
00C0: 01 CC 0C 00 00 00 C7 80 31 01 00 00 01 00 00 00   ........1.......
00D0: 00 00 01 31 00 00 00 00 00 01 00 04 71 73 00 00   ...1........qs..
00E0: 41 00 84 03 00 04 71 73 00 00 01 00 C4 47 00 00   A.....qs.....G..
00F0: 51 F3 00 00 11 44 CC 43 00 44 71 F3 00 00 00 04   Q....D.C.Dq.....
0100: CC 43 00 04 F1 F3 00 00 41 84 CC 43 00 04 F3 F3   .C......A..C....
0110: 00 00 41 CC CC 43 00 04 F3 F3 00 00 41 0C CC 03   ..A..C......A...
0120: 00 04 73 33 00 00 61 04 04 03 00 04 01 01 01 0C   ..s3..a.........
0130: 00 00 00 04 47 00 00 31 71 0C 00 04 04 CC 47 00   ....G..1q.....G.
0140: 51 01 71 0C 00 04 04 C4 C0 00 01 21 71 0C 00 00   Q.q........!q...
0150: 00 CC C7 00 10 11 01 0C 00 00 44 00 00 00 00 31   ..........D....1
0160: 00 04 00 00 04 00 00 00 01 01 00 04 00 00 04 00   ................
0170: 00 00 01 01 00 04 00 04 04 00 00 00 41 01 00 04   ............A...
0180: 00 00 CC 00 00 00 41 73 00 04 00 00 84 00 00 00   ......As........
0190: 01 00 00 00 F1 00 00 00 C7 CD 71 00 00 00 F3 00   ..........q.....
01A0: 00 03 C7 CC 71 00 00 01 F3 04 00 01 C7 CC 73 00   ....q.........s.
01B0: 00 00 F3 04 00 02 C7 CC 73 10 00 00 F3 44 44 03   ........s....DD.
01C0: C7 CC 71 01 00 00 F1 04 04 03 C7 CC 71 01 00 00   ..q.........q...
01D0: F3 00 00 43 C7 04 71 01 00 00 71 00 00 C7 C7 C4   ...C..q...q.....
01E0: 71 01 00 00 73 04 00 47 47 04 01 01 00 00 01 00   q...s..GG.......
01F0: 00 03 00 00 41 31 00 00 04 00 04 00 00 04 71 71   ....A1........qq
0200: 00 04 0C 04 CC 04 00 44 71 F3 01 04 8C 04 CC 04   .......Dq.......
0210: 00 C5 71 73 00 0C DC 04 C4 04 00 C7 51 73 10 04   ..qs........Qs..
0220: CC 44 4C 44 00 C7 41 F3 00 0C CC 04 CC 04 00 C7   .DLD..A.........
0230: 41 73 50 4C CC 00 CC 04 41 47 01 71 01 0C CC 00   AsPL....AG.q....
0240: 04 00 03 41 01 73 00 0C 0C 00 0C 00 00 00 00 73   ...A.s.........s
0250: 40 0C 04 00 84 84 00 00 71 01 00 00 00 84 C4 43   @.......q......C
0260: 00 00 F3 73 00 00 00 CC C4 43 00 00 F3 21 00 00   ...s.....C...!..
0270: 00 C4 04 47 00 00 F3 71 00 00 00 C4 04 C7 42 00   ...G...q......B.
0280: F3 13 00 00 10 5C 44 C7 43 00 F3 31 00 00 40 84   .....\D.C..1..@.
0290: 00 C7 43 04 F3 11 00 00 00 0C 04 47 43 00 71 00   ..C........GC.q.
02A0: 00 00 00 00 00 43 03 00 21 00 00 00 00 00 00 03   .....C..!.......
02B0: 01 00 01 00 00 00 00 00 00 03 00 00 00 01 00 0C   ................
02C0: 0C 00 00 04 43 00 00 00 01 8C 04 00 00 04 47 00   ....C.........G.
02D0: 00 00 41 0C 04 00 00 04 03 00 40 01 00 0C 00 04   ..A.......@.....
02E0: 00 04 40 00 51 11 11 0C 00 44 04 44 00 00 F1 71   ..@.Q....D.D...q
02F0: 01 0C 00 04 04 04 01 00 51 01 00 0C 00 00 00 00   ........Q.......
0300: 00 00 41 01 00 04 00 04 00 00 00 00 41 00 00 04   ..A.........A...
0310: 00 04 04 00 00 00 00 00 00 04 00 00 00 00 00 00   ................
0320: 01 00 00 00 00 00 00 00 00 00 01 00 00 00 00 00   ................
0330: 00 00 00 04 01 00 00 00 41 00 00 00 00 04 00 00   ........A.......
0340: 00 00 61 00 00 00 00 04 00 00 00 00 F1 00 00 00   ..a.............
0350: 00 44 00 00 00 00 71 00 00 01 00 84 00 00 00 00   .D....q.........
0360: F3 00 00 00 00 04 00 00 00 00 71 00 00 00 00 04   ..........q.....
0370: 00 00 00 00 71 00 00 00 00 8C 00 00 00 00 43 00   ....q.........C.
0380: 00 00 03 04 01 00 00 0C 00 00 00 04 43 00 41 31   ............C.A1
0390: 70 1C 00 00 04 C4 47 00 71 73 71 0C 00 04 C4 DC   p.....G.qsq.....
03A0: C7 00 F1 73 73 0C 00 84 84 CC C7 00 F3 73 73 2C   ...ss........ss,
03B0: 00 44 4C 5C 41 00 71 73 31 1C 00 A4 CC 00 00 00   .DL\A.qs1.......
03C0: F3 73 00 04 00 04 CC 04 00 00 71 73 00 04 00 04   .s........qs....
03D0: 8C 00 00 00 11 33 00 04 04 04 0C 00 00 00 01 01   .....3..........
03E0: 00 00 04 00 00 00 00 00 01 00 00 00 41 00 00 00   ............A...
03F0: 40 04 01 00 00 00 71 00 00 00 43 84 01 00 00 00   @.....q...C.....
0400: 71 00 00 00 43 C4 71 00 00 00 F3 00 00 00 C7 CC   q...C.q.........
0410: 71 10 00 01 F3 40 00 00 C7 CD 71 00 00 00 F3 04   q....@....q.....
0420: 00 00 C7 CC 73 01 00 00 F3 04 04 03 C7 CC F1 31   ....s..........1
0430: 00 00 F1 C4 04 43 C7 CC F3 31 00 00 F3 8C 04 43   .....C...1.....C
0440: C7 CC F7 01 00 00 41 C4 04 03 07 04 00 31 00 00   ......A......1..
0450: 04 00 04 00 00 00 00 31 00 00 04 00 04 04 00 00   .......1........
0460: 01 73 00 00 0C 00 9C 04 00 40 71 73 00 00 0C 04   .s.......@qs....
0470: CC 04 00 44 55 73 14 04 04 44 CC 44 00 44 61 F3   ...DUs...D.D.Da.
0480: 41 04 0C 04 CC 04 00 40 41 73 01 04 0C 04 CC 84   A......@As......
0490: 00 44 01 71 01 04 04 00 84 04 00 00 00 31 00 04   .D.q.........1..
04A0: 04 00 00 00 00 00 01 00 00 00 00 00 00 00 00 00   ................
04B0: 31 01 00 00 00 00 00 43 00 00 71 00 00 00 00 04   1......C..q.....
04C0: 00 47 40 00 F1 10 00 00 00 0C 00 C7 C7 00 73 10   .G@...........s.
04D0: 00 00 00 04 00 C7 47 00 F3 11 01 00 00 5C 44 47   ......G......\DG
04E0: 43 00 F3 01 00 00 00 04 00 43 00 00 F3 00 00 00   C........C......
04F0: 00 04 00 C7 40 00 71 01 00 00 00 04 00 C7 47 00   ....@.q.......G.
0500: 31 00 00 00 00 00 00 43 43 00 00 00 00 00 00 00   1......CC.......
0510: 00 03 00 00 00 00 00 04 00 00 00 00 00 00 00 00   ................
0520: 00 0C 00 00 00 00 00 00 00 00 00 04 00 00 00 00   ................
0530: 00 00 00 00 00 0C 0C 00 00 00 47 44 00 00 00 8C   ..........GD....
0540: CC 00 00 00 47 C7 00 00 00 0C 0C 00 00 00 43 40   ....G.........C@
0550: 00 00 00 0C 0C 00 00 00 41 00 41 01 00 0C 04 00   ........A.A.....
0560: 00 00 41 40 00 00 00 0C 04 00 00 00 40 00 00 00   ..A@........@...
0570: 00 0C 04 00 00 00 00 00 01 00 00 00 00 00 00 00   ................
0580: 00 00 01 00 00 00 00 00 04 03 00 00 21 01 00 00   ............!...
0590: 00 00 00 03 00 04 71 21 00 00 01 04 04 03 00 04   ......q!........
05A0: 71 11 00 00 51 44 40 03 00 04 71 31 00 00 00 00   q...QD@...q1....
05B0: 04 03 00 00 01 01 00 00 00 00 00 03 00 00 21 31   ..............!1
05C0: 00 00 00 00 04 03 00 00 71 31 00 00 00 00 04 03   ........q1......
05D0: 00 00 01 01 00 00 00 00 04 03 00 00 00 00 00 04   ................
05E0: 00 00 00 00 00 00 00 00 00 0C 00 00 00 00 40 00   ..............@.
05F0: 00 00 00 0C 00 04 00 04 01 00 41 01 00 0C 00 04   ..........A.....
0600: 04 04 07 00 51 11 10 04 00 00 00 00 00 00 41 01   ....Q.........A.
0610: 00 04 0C 00 04 00 00 44 00 00 00 04 04 00 04 00   .......D........
0620: 00 00 00 00 00 04 04 00 00 00 00 00 00 01 00 04   ................
0630: 00 00 00 00 00 00 00 00 00 04 00 00 00 00 00 00   ................
0640: 00 00 00 00 00 00 00 00 00 00 00 00 00 00 00 00   ................
0650: 00 00 00 00 00 00 00 00 00 00 00 00 00 00 01 00   ................
0660: 00 00 00 00 00 00 00 00 51 10 00 00 00 44 00 00   ........Q....D..
0670: 00 00 F3 01 00 00 00 04 00 00 00 00 73 00 00 00   ............s...
0680: 00 04 04 00 00 00 71 01 00 00 00 04 00 00 00 00   ......q.........
0690: 31 00 00 00 00 00 00 00 00 00 01 00 00 00 00 00   1...............
06A0: 00 00 00 00 00 00 00 00 00 00 00 00 00 00 00 00   ................
06B0: 00 04 00 00 00 00 00 00 00 00 00 00 00 00 00 00   ................
06C0: 00 00 00 01 00 0C 04 00 00 00 00 40 00 10 00 0C   ...........@....
06D0: 04 00 00 00 00 40 00 00 00 0C 0C 00 00 00 03 00   .....@..........
06E0: 00 00 00 0C 04 00 00 00 01 00 00 00 00 04 04 00   ................
06F0: 00 00 40 40 00 00 00 0C 04 00 00 00 40 00 00 00   ..@@........@...
0700: 00 0C 04 00 00 00 00 00 00 00 00 00 00 00 00 00   ................
0710: 00 00 00 00 00 00 00 00 00 00 00 00 00 00 00 00   ................
0720: 00 00 00 43 00 00 01 00 00 00 00 00 00 43 00 00   ...C.........C..
0730: 73 10 00 00 00 44 00 43 00 00 71 00 00 00 00 04   s....D.C..q.....
0740: 00 43 41 00 21 00 00 00 00 00 00 03 00 00 01 00   .CA.!...........
0750: 00 00 00 04 00 03 03 00 01 00 00 00 00 00 00 03   ................
0760: 00 00 00 00 00 00 00 00 00 00 00 00 00 00 00 00   ................
0770: 00 00 00 00 00 00 00 00 00 00 04 00 00 00 00 00   ................
0780: 00 00 00 04 0C 00 00 00 00 40 00 00 00 04 0C 00   .........@......
0790: 00 00 44 44 00 00 00 04 0C 00 00 00 00 00 00 00   ..DD............
07A0: 00 04 0C 00 00 00 00 00 00 00 00 04 04 00 00 00   ................
07B0: 00 00 00 00 00 04 04 00 00 00 00 00 00 00 00 04   ................
07C0: 04 00 00 00 00 00 00 00 00 00 00 00 00 00 00 00   ................

--------------------------------------------------------------------------------
DECODED TEXT
--------------------------------------------------------------------------------

[F1][00][00][00][00][CC][00][00][00][00][F3][00][00][00][00][CC][00][00][00][00][F3][00][00][00][00][CC][00][00][00][00][F3][00][00][00][00][CC][00][02][00][00][F3][00][00][00][00]M[00][00][00][00][F3][00][00][00][00]L[01][00][00][00][F3][00][00][00][00][CC][00][00][00][00][F1][00][00][00][00][CC][00][03][00][00][F3][00][00][00][00][CC][00][00][00][00][F3][00][00][00][00][CC][00][00][00][00][00][00][00][0C][04][00][00][00]A[00][00][00][00][1C][04][00][00][00]C[00][00][00][00][CC][1C][00][00][00][C7]@[00][00]@[CC][0C][00][00][C4][C7]D[00][00][F1][CC][04][00][00][CC][C7]@[00][00][F3][CC][0C][00][00][CC][CF]D[00][00]s[CC][CC][00][00][84][CF][C7][00][00]A[CC][CC][00][00][04][CF][C7][00][00]Q[CC][CE][00][00][04][CF][C7][00][00][01][CC][0C][00][00][00][C7][80]1[01][00][00][01][00][00][00][00][00][01]1[00][00][00][00][00][01][00][04]qs[00][00]A[00][84][03][00][04]qs[00][00][01][00][C4]G[00][00]Q[F3][00][00][11]D[CC]C[00]Dq[F3][00][00][00][04][CC]C[00][04][F1][F3][00][00]A[84][CC]C[00][04][F3][F3][00][00]A[CC][CC]C[00][04][F3][F3][00][00]A[0C][CC][03][00][04]s3[00][00]a[04][04][03][00][04][01][01][01][0C][00][00][00][04]G[00][00]1q[0C][00][04][04][CC]G[00]Q[01]q[0C][00][04][04][C4][C0][00][01]!q[0C][00][00][00][CC][C7][00][10][11][01][0C][00][00]D[00][00][00][00]1[00][04][00][00][04][00][00][00][01][01][00][04][00][00][04][00][00][00][01][01][00][04][00][04][04][00][00][00]A[01][00][04][00][00][CC][00][00][00]As[00][04][00][00][84][00][00][00][01][00][00][00][F1][00][00][00][C7][CD]q[00][00][00][F3][00][00][03][C7][CC]q[00][00][01][F3][04][00][01][C7][CC]s[00][00][00][F3][04][00][02][C7][CC]s[10][00][00][F3]DD[03][C7][CC]q[01][00][00][F1][04][04][03][C7][CC]q[01][00][00][F3][00][00]C[C7][04]q[01][00][00]q[00][00][C7][C7][C4]q[01][00][00]s[04][00]GG[04][01][01][00][00][01][00][00][03][00][00]A1[00][00][04][00][04][00][00][04]qq[00][04][0C][04][CC][04][00]Dq[F3][01][04][8C][04][CC][04][00][C5]qs[00][0C][DC][04][C4][04][00][C7]Qs[10][04][CC]DLD[00][C7]A[F3][00][0C][CC][04][CC][04][00][C7]AsPL[CC][00][CC][04]AG[01]q[01][0C][CC][00][04][00][03]A[01]s[00][0C][0C][00][0C][00][00][00][00]s@[0C][04][00][84][84][00][00]q[01][00][00][00][84][C4]C[00][00][F3]s[00][00][00][CC][C4]C[00][00][F3]![00][00][00][C4][04]G[00][00][F3]q[00][00][00][C4][04][C7]B[00][F3][13][00][00][10]\D[C7]C[00][F3]1[00][00]@[84][00][C7]C[04][F3][11][00][00][00][0C][04]GC[00]q[00][00][00][00][00][00]C[03][00]![00][00][00][00][00][00][03][01][00][01][00][00][00][00][00][00][03][00][00][00][01][00][0C][0C][00][00][04]C[00][00][00][01][8C][04][00][00][04]G[00][00][00]A[0C][04][00][00][04][03][00]@[01][00][0C][00][04][00][04]@[00]Q[11][11][0C][00]D[04]D[00][00][F1]q[01][0C][00][04][04][04][01][00]Q[01][00][0C][00][00][00][00][00][00]A[01][00][04][00][04][00][00][00][00]A[00][00][04][00][04][04][00][00][00][00][00][00][04][00][00][00][00][00][00][01][00][00][00][00][00][00][00][00][00][01][00][00][00][00][00][00][00][00][04][01][00][00][00]A[00][00][00][00][04][00][00][00][00]a[00][00][00][00][04][00][00][00][00][F1][00][00][00][00]D[00][00][00][00]q[00][00][01][00][84][00][00][00][00][F3][00][00][00][00][04][00][00][00][00]q[00][00][00][00][04][00][00][00][00]q[00][00][00][00][8C][00][00][00][00]C[00][00][00][03][04][01][00][00][0C][00][00][00][04]C[00]A1p[1C][00][00][04][C4]G[00]qsq[0C][00][04][C4][DC][C7][00][F1]ss[0C][00][84][84][CC][C7][00][F3]ss,[00]DL\A[00]qs1[1C][00][A4][CC][00][00][00][F3]s[00][04][00][04][CC][04][00][00]qs[00][04][00][04][8C][00][00][00][11]3[00][04][04][04][0C][00][00][00][01][01][00][00][04][00][00][00][00][00][01][00][00][00]A[00][00][00]@[04][01][00][00][00]q[00][00][00]C[84][01][00][00][00]q[00][00][00]C[C4]q[00][00][00][F3][00][00][00][C7][CC]q[10][00][01][F3]@[00][00][C7][CD]q[00][00][00][F3][04][00][00][C7][CC]s[01][00][00][F3][04][04][03][C7][CC][F1]1[00][00][F1][C4][04]C[C7][CC][F3]1[00][00][F3][8C][04]C[C7][CC][F7][01][00][00]A[C4][04][03][07][04][00]1[00][00][04][00][04][00][00][00][00]1[00][00][04][00][04][04][00][00][01]s[00][00][0C][00][9C][04][00]@qs[00][00][0C][04][CC][04][00]DUs[14][04][04]D[CC]D[00]Da[F3]A[04][0C][04][CC][04][00]@As[01][04][0C][04][CC][84][00]D[01]q[01][04][04][00][84][04][00][00][00]1[00][04][04][00][00][00][00][00][01][00][00][00][00][00][00][00][00][00]1[01][00][00][00][00][00]C[00][00]q[00][00][00][00][04][00]G@[00][F1][10][00][00][00][0C][00][C7][C7][00]s[10][00][00][00][04][00][C7]G[00][F3][11][01][00][00]\DGC[00][F3][01][00][00][00][04][00]C[00][00][F3][00][00][00][00][04][00][C7]@[00]q[01][00][00][00][04][00][C7]G[00]1[00][00][00][00][00][00]CC[00][00][00][00][00][00][00][00][03][00][00][00][00][00][04][00][00][00][00][00][00][00][00][00][0C][00][00][00][00][00][00][00][00][00][04][00][00][00][00][00][00][00][00][00][0C][0C][00][00][00]GD[00][00][00][8C][CC][00][00][00]G[C7][00][00][00][0C][0C][00][00][00]C@[00][00][00][0C][0C][00][00][00]A[00]A[01][00][0C][04][00][00][00]A@[00][00][00][0C][04][00][00][00]@[00][00][00][00][0C][04][00][00][00][00][00][01][00][00][00][00][00][00][00][00][00][01][00][00][00][00][00][04][03][00][00]![01][00][00][00][00][00][03][00][04]q![00][00][01][04][04][03][00][04]q[11][00][00]QD@[03][00][04]q1[00][00][00][00][04][03][00][00][01][01][00][00][00][00][00][03][00][00]!1[00][00][00][00][04][03][00][00]q1[00][00][00][00][04][03][00][00][01][01][00][00][00][00][04][03][00][00][00][00][00][04][00][00][00][00][00][00][00][00][00][0C][00][00][00][00]@[00][00][00][00][0C][00][04][00][04][01][00]A[01][00][0C][00][04][04][04][07][00]Q[11][10][04][00][00][00][00][00][00]A[01][00][04][0C][00][04][00][00]D[00][00][00][04][04][00][04][00][00][00][00][00][00][04][04][00][00][00][00][00][00][01][00][04][00][00][00][00][00][00][00][00][00][04][00][00][00][00][00][00][00][00][00][00][00][00][00][00][00][00][00][00][00][00][00][00][00][00][00][00][00][00][00][00][00][00][00][00][00][00][01][00][00][00][00][00][00][00][00][00]Q[10][00][00][00]D[00][00][00][00][F3][01][00][00][00][04][00][00][00][00]s[00][00][00][00][04][04][00][00][00]q[01][00][00][00][04][00][00][00][00]1[00][00][00][00][00][00][00][00][00][01][00][00][00][00][00][00][00][00][00][00][00][00][00][00][00][00][00][00][00][00][00][00][04][00][00][00][00][00][00][00][00][00][00][00][00][00][00][00][00][00][01][00][0C][04][00][00][00][00]@[00][10][00][0C][04][00][00][00][00]@[00][00][00][0C][0C][00][00][00][03][00][00][00][00][0C][04][00][00][00][01][00][00][00][00][04][04][00][00][00]@@[00][00][00][0C][04][00][00][00]@[00][00][00][00][0C][04][00][00][00][00][00][00][00][00][00][00][00][00][00][00][00][00][00][00][00][00][00][00][00][00][00][00][00][00][00][00][00][00]C[00][00][01][00][00][00][00][00][00]C[00][00]s[10][00][00][00]D[00]C[00][00]q[00][00][00][00][04][00]CA[00]![00][00][00][00][00][00][03][00][00][01][00][00][00][00][04][00][03][03][00][01][00][00][00][00][00][00][03][00][00][00][00][00][00][00][00][00][00][00][00][00][00][00][00][00][00][00][00][00][00][00][00][00][00][04][00][00][00][00][00][00][00][00][04][0C][00][00][00][00]@[00][00][00][04][0C][00][00][00]DD[00][00][00][04][0C][00][00][00][00][00][00][00][00][04][0C][00][00][00][00][00][00][00][00][04][04][00][00][00][00][00][00][00][00][04][04][00][00][00][00][00][00][00][00][04][04][00][00][00][00][00][00][00][00][00][00][00][00][00][00][00]

--------------------------------------------------------------------------------
ALL UNIQUE BYTE STATS
--------------------------------------------------------------------------------

  0x21    !:    7 #######
  0x2C    ,:    1 #
  0x31    1:   19 ###################
  0x33    3:    2 ##
  0x40    @:   24 ########################
  0x41    A:   29 #############################
  0x42    B:    1 #
  0x43    C:   29 #############################
  0x44    D:   28 ############################
  0x47    G:   16 ################
  0x4C    L:    4 ####
  0x4D    M:    1 #
  0x50    P:    1 #
  0x51    Q:    9 #########
  0x55    U:    1 #
  0x5C    \:    3 ###
  0x61    a:    3 ###
  0x70    p:    1 #
  0x71    q:   44 ########################################
  0x73    s:   30 ##############################
