Dot-level Baudot: center_5 on background_ERROR
Columns: [1, 2, 3, 4, 5]
Total: 500 frames

RAW HEX:
11 14 14 13 14 11 14 14 13 14 11 14 14 13 14 11 14 14 13 14 
11 14 14 13 14 11 14 14 13 14 11 14 14 13 14 11 14 14 13 14 
11 14 14 13 14 11 14 14 13 14 11 14 14 13 14 11 14 14 13 14 
11 14 14 13 14 11 14 14 13 14 11 14 14 13 14 11 14 14 13 14 
11 14 14 13 14 14 14 14 14 15 11 14 14 03 14 11 14 14 13 14 
11 14 14 13 14 11 14 14 13 14 11 14 14 13 14 11 14 14 13 14 
11 14 14 13 14 11 14 14 13 14 11 14 14 13 14 11 14 14 13 14 
11 14 14 13 14 11 14 14 13 14 11 14 14 13 14 11 14 14 13 14 
11 14 14 13 14 11 14 14 13 14 11 14 14 13 14 11 14 14 13 14 
11 14 14 13 14 11 14 14 13 14 11 14 14 13 14 11 14 14 13 14 
11 14 14 13 14 11 14 14 13 14 11 14 14 13 14 11 14 14 13 14 
11 14 14 13 14 11 14 14 13 14 11 14 14 13 14 11 14 14 13 14 
11 14 14 13 14 11 14 14 13 14 11 14 14 13 14 11 14 14 13 14 
11 14 14 13 14 11 14 14 13 14 11 14 14 13 14 11 14 14 13 14 
11 14 14 13 14 11 14 14 13 14 11 14 14 13 14 11 14 14 13 14 
11 14 14 13 14 11 14 14 13 14 11 14 14 13 14 11 14 14 13 14 
11 14 14 13 14 11 14 14 13 14 11 14 14 13 14 11 14 14 13 14 
11 14 14 13 14 11 14 14 13 14 11 14 14 13 14 11 14 14 13 14 
11 14 14 13 14 11 14 14 13 14 11 14 14 13 14 11 14 14 13 14 
11 14 14 13 14 11 14 14 13 14 11 14 14 13 14 11 14 14 13 14 
11 14 14 13 14 11 14 14 13 14 11 14 14 13 14 11 14 14 13 14 
11 14 14 13 14 11 14 14 13 14 11 14 14 13 14 11 14 14 13 14 
11 14 14 13 14 11 14 14 13 14 11 14 14 13 14 11 14 14 13 14 
11 14 14 13 14 11 14 14 13 14 11 14 14 13 14 11 14 14 13 14 
11 14 14 13 14 11 14 14 13 14 11 14 14 13 14 11 14 14 13 14 


BAUDOT:
ZSSBSZSSBSZSSBSZSSBSZSSBSZSSBSZSSBSZSSBSZSSBSZSSBSZSSBSZSSBSZSSBSZSSBSZSSBSZSSBSZSSBSSSSSYZSSOSZSSBSZSSBSZSSBSZSSBSZSSBSZSSBSZSSBSZSSBSZSSBSZSSBSZSSBSZSSBSZSSBSZSSBSZSSBSZSSBSZSSBSZSSBSZSSBSZSSBSZSSBSZSSBSZSSBSZSSBSZSSBSZSSBSZSSBSZSSBSZSSBSZSSBSZSSBSZSSBSZSSBSZSSBSZSSBSZSSBSZSSBSZSSBSZSSBSZSSBSZSSBSZSSBSZSSBSZSSBSZSSBSZSSBSZSSBSZSSBSZSSBSZSSBSZSSBSZSSBSZSSBSZSSBSZSSBSZSSBSZSSBSZSSBSZSSBSZSSBSZSSBSZSSBSZSSBSZSSBSZSSBSZSSBSZSSBSZSSBSZSSBSZSSBSZSSBSZSSBSZSSBSZSSBSZSSBSZSSBSZSSBSZSSBSZSSBSZSSBSZSSBS

ASCII of raw values:
[11] [14] [14] [13] [14] [11] [14] [14] [13] [14] [11] [14] [14] [13] [14] [11] [14] [14] [13] [14] [11] [14] [14] [13] [14] [11] [14] [14] [13] [14] [11] [14] [14] [13] [14] [11] [14] [14] [13] [14] 
[11] [14] [14] [13] [14] [11] [14] [14] [13] [14] [11] [14] [14] [13] [14] [11] [14] [14] [13] [14] [11] [14] [14] [13] [14] [11] [14] [14] [13] [14] [11] [14] [14] [13] [14] [11] [14] [14] [13] [14] 
[11] [14] [14] [13] [14] [14] [14] [14] [14] [15] [11] [14] [14] [03] [14] [11] [14] [14] [13] [14] [11] [14] [14] [13] [14] [11] [14] [14] [13] [14] [11] [14] [14] [13] [14] [11] [14] [14] [13] [14] 
[11] [14] [14] [13] [14] [11] [14] [14] [13] [14] [11] [14] [14] [13] [14] [11] [14] [14] [13] [14] [11] [14] [14] [13] [14] [11] [14] [14] [13] [14] [11] [14] [14] [13] [14] [11] [14] [14] [13] [14] 
[11] [14] [14] [13] [14] [11] [14] [14] [13] [14] [11] [14] [14] [13] [14] [11] [14] [14] [13] [14] [11] [14] [14] [13] [14] [11] [14] [14] [13] [14] [11] [14] [14] [13] [14] [11] [14] [14] [13] [14] 
[11] [14] [14] [13] [14] [11] [14] [14] [13] [14] [11] [14] [14] [13] [14] [11] [14] [14] [13] [14] [11] [14] [14] [13] [14] [11] [14] [14] [13] [14] [11] [14] [14] [13] [14] [11] [14] [14] [13] [14] 
[11] [14] [14] [13] [14] [11] [14] [14] [13] [14] [11] [14] [14] [13] [14] [11] [14] [14] [13] [14] [11] [14] [14] [13] [14] [11] [14] [14] [13] [14] [11] [14] [14] [13] [14] [11] [14] [14] [13] [14] 
[11] [14] [14] [13] [14] [11] [14] [14] [13] [14] [11] [14] [14] [13] [14] [11] [14] [14] [13] [14] [11] [14] [14] [13] [14] [11] [14] [14] [13] [14] [11] [14] [14] [13] [14] [11] [14] [14] [13] [14] 
[11] [14] [14] [13] [14] [11] [14] [14] [13] [14] [11] [14] [14] [13] [14] [11] [14] [14] [13] [14] [11] [14] [14] [13] [14] [11] [14] [14] [13] [14] [11] [14] [14] [13] [14] [11] [14] [14] [13] [14] 
[11] [14] [14] [13] [14] [11] [14] [14] [13] [14] [11] [14] [14] [13] [14] [11] [14] [14] [13] [14] [11] [14] [14] [13] [14] [11] [14] [14] [13] [14] [11] [14] [14] [13] [14] [11] [14] [14] [13] [14] 
[11] [14] [14] [13] [14] [11] [14] [14] [13] [14] [11] [14] [14] [13] [14] [11] [14] [14] [13] [14] [11] [14] [14] [13] [14] [11] [14] [14] [13] [14] [11] [14] [14] [13] [14] [11] [14] [14] [13] [14] 
[11] [14] [14] [13] [14] [11] [14] [14] [13] [14] [11] [14] [14] [13] [14] [11] [14] [14] [13] [14] [11] [14] [14] [13] [14] [11] [14] [14] [13] [14] [11] [14] [14] [13] [14] [11] [14] [14] [13] [14] 
[11] [14] [14] [13] [14] [11] [14] [14] [13] [14] [11] [14] [14] [13] [14] [11] [14] [14] [13] [14] 