METHOD 4: 5-Track Baudot (no_sprocket, content_all)
================================================================================

Columns used as tracks: no_sprocket = [0, 2, 3, 4, 5]
Each row = 1 Baudot/ITA2 frame (5 bits)
Total frames: 2000

--- RAW FRAMES (hex) ---
00 00 00 00 00 00 00 00 00 00 00 00 00 00 00 01 01 00 00 00 
00 00 00 00 00 01 01 00 00 00 00 00 00 00 00 01 01 00 00 00 
00 00 00 00 00 03 01 00 00 00 00 00 00 00 00 03 01 00 00 00 
01 01 00 00 00 03 01 00 00 00 00 00 00 00 00 03 01 00 00 00 
00 00 00 00 00 01 00 00 00 00 00 00 00 00 00 00 00 00 00 00 
00 00 00 00 00 00 00 00 00 00 00 00 00 00 00 00 00 00 00 00 
00 00 00 00 01 00 00 00 00 00 00 00 00 00 00 00 00 00 00 08 
00 00 00 00 01 00 00 00 00 0C 00 00 00 00 01 00 00 00 04 0C 
00 00 00 00 00 00 00 00 00 00 00 00 00 00 00 00 00 00 00 00 
00 00 00 00 00 00 00 00 00 00 00 00 00 00 00 00 00 00 00 00 
00 00 00 00 00 01 03 00 00 00 00 00 00 00 00 01 03 00 00 00 
00 00 00 00 00 01 01 00 00 00 00 00 00 00 00 01 03 00 00 00 
00 00 00 00 00 03 03 00 00 00 00 00 00 00 00 01 03 00 04 00 
00 00 00 00 00 01 03 00 00 00 00 00 00 00 00 00 00 00 00 00 
00 00 00 00 00 00 01 00 00 00 00 00 00 00 00 00 00 00 00 00 
00 00 00 00 00 00 00 00 00 00 00 00 00 00 00 00 00 00 00 0C 
00 00 00 00 01 00 00 00 00 0C 00 00 00 01 01 00 00 00 00 0C 
00 00 00 00 01 00 00 00 00 1C 00 00 00 00 01 00 00 00 04 04 
00 00 00 00 00 00 00 00 00 00 00 00 00 00 00 00 00 00 00 00 
00 00 00 00 00 00 00 00 00 00 00 00 00 00 00 00 00 00 00 00 
00 00 00 00 00 00 01 00 00 00 00 00 00 00 00 00 01 00 00 00 
00 00 00 00 00 01 01 00 00 00 00 00 00 01 00 01 01 00 00 00 
01 00 00 01 00 03 01 00 00 00 00 00 00 00 00 00 01 04 04 04 
00 01 01 01 01 00 03 00 00 00 00 00 01 00 01 00 03 00 00 00 
00 00 00 00 00 00 03 00 00 00 00 00 00 00 00 00 01 00 00 00 
00 00 00 01 00 00 00 00 00 00 00 00 00 01 00 00 00 00 0C 0C 
00 00 00 01 00 00 00 00 0C 08 00 00 00 00 00 00 00 00 00 00 
00 00 00 01 00 00 00 00 0C 0C 01 00 00 00 01 04 00 00 04 0C 
01 00 00 01 01 00 00 00 08 0C 01 00 00 00 00 00 00 00 00 08 
00 00 00 01 00 00 00 00 00 00 00 00 00 00 00 00 00 00 00 00 
00 00 00 00 00 01 03 00 00 00 00 00 00 00 00 01 03 00 00 00 
00 00 00 00 00 01 03 00 00 00 00 00 00 00 00 03 03 00 00 00 
00 00 00 00 00 03 03 00 00 00 11 01 00 00 00 13 13 00 00 00 
01 01 00 00 00 03 03 00 00 00 00 00 00 00 00 00 01 00 00 00 
00 00 00 00 00 00 03 00 00 00 00 00 00 00 00 00 01 00 00 00 
00 00 00 00 00 00 00 00 00 00 00 00 00 00 00 00 00 00 00 0C 
00 01 11 00 01 00 00 00 00 0C 00 00 11 00 01 00 00 00 00 1C 
00 00 00 00 01 00 00 00 00 1C 00 00 01 01 07 00 00 00 04 1C 
00 01 11 00 01 00 00 00 04 0C 00 11 11 00 03 00 00 00 04 1C 
00 00 01 00 01 00 00 00 00 0C 00 00 00 00 00 00 00 00 00 0C 
00 00 00 00 00 00 00 00 00 00 00 00 00 00 00 01 01 00 0C 00 
00 00 01 11 00 01 01 00 0C 00 01 00 11 13 01 03 01 00 0C 00 
00 00 01 13 01 03 01 00 1C 08 01 00 01 13 01 01 01 05 0C 05 
01 00 01 13 01 03 00 00 0C 0C 00 00 01 17 00 03 00 00 0C 00 
00 00 01 01 00 01 00 00 0C 00 00 00 00 01 00 01 00 00 0C 00 
01 01 00 01 11 00 00 00 00 1D 13 11 00 01 13 1C 00 00 0C 1C 
13 11 00 01 11 1C 00 00 0C 1C 13 11 00 01 01 1C 00 00 00 0C 
13 11 00 00 01 1C 00 00 00 0C 13 11 00 00 00 1C 00 00 04 0C 
13 11 00 00 00 1C 00 00 00 0C 11 00 00 00 00 0C 00 00 00 00 
11 00 00 00 00 0C 00 00 00 00 01 00 00 00 00 00 00 00 00 00 
00 00 00 00 00 01 00 00 00 00 00 00 00 03 01 01 01 00 0C 04 
00 00 00 13 01 00 01 00 0C 0C 00 00 01 13 01 00 01 00 0C 1C 
00 00 00 13 19 00 07 0C 0C 0C 00 00 07 03 01 00 0B 0C 0C 1C 
00 11 13 11 11 00 03 0C 0C 1C 00 11 17 11 01 00 03 0C 0C 0C 
00 01 11 01 00 00 07 0C 0C 00 00 00 01 00 00 00 03 00 00 00 
01 00 00 00 00 00 00 00 00 00 13 00 00 00 00 0C 00 00 00 00 
01 00 00 00 00 0C 00 00 00 00 01 00 00 00 00 1C 00 00 00 00 
11 00 00 00 00 0C 00 00 00 00 01 00 00 00 00 1C 00 00 00 00 
01 00 00 00 00 08 00 00 00 00 01 00 00 00 00 00 00 00 00 00 
01 00 00 00 00 00 00 00 00 00 00 00 00 00 00 00 00 00 00 00 
00 00 00 00 00 00 01 00 00 00 00 00 00 01 01 00 01 00 00 00 
00 00 00 00 01 00 01 00 00 00 00 00 00 00 00 00 03 00 00 04 
00 00 01 01 01 00 03 00 0C 1C 00 00 01 01 01 00 03 04 04 04 
00 00 01 00 01 00 03 00 00 00 00 00 01 00 00 01 03 00 00 00 
00 01 01 00 00 01 13 00 00 00 00 00 01 00 00 03 03 00 00 00 
00 00 00 00 00 00 00 00 00 00 00 00 00 00 00 00 00 00 00 08 
00 00 00 00 00 00 00 00 00 0C 00 00 01 01 03 00 00 00 04 1C 
01 00 11 00 11 00 00 00 0C 1C 00 00 11 01 07 04 00 00 04 1C 
00 00 11 01 11 00 00 00 0C 1C 00 00 01 01 11 00 00 00 08 1C 
00 00 00 11 13 00 00 00 0C 1C 00 00 00 11 11 00 00 00 00 0C 
00 00 11 11 00 01 03 00 0C 00 00 00 00 03 00 03 03 00 0C 00 
00 00 00 01 00 13 03 00 0C 00 01 00 01 13 00 13 03 04 0C 00 
11 00 01 13 01 13 03 00 1C 00 11 00 01 03 01 13 01 04 0C 04 
11 00 01 11 01 17 03 00 0C 0C 11 00 01 13 01 13 01 00 1C 0C 
01 00 01 13 01 03 01 00 0C 0C 01 00 00 01 00 01 00 00 0C 00 
00 00 00 00 00 00 00 00 00 00 01 01 01 00 01 0C 00 00 00 0C 
11 11 11 00 00 0C 00 00 00 0C 01 11 00 00 00 1C 00 00 00 0C 
13 11 00 01 01 1C 00 00 00 0C 13 11 00 01 01 1C 00 00 04 0C 
13 11 00 00 01 1C 00 00 00 0C 13 11 00 00 01 1C 00 00 00 0C 
13 11 00 00 00 1C 00 00 00 0C 13 11 00 00 00 1C 00 00 00 00 
00 00 00 11 00 00 01 00 0C 00 00 00 00 13 00 00 01 00 00 00 
00 00 00 01 01 00 01 00 00 00 00 00 00 01 00 00 01 00 00 00 
00 00 00 01 00 00 01 00 0C 00 00 00 00 01 00 00 03 00 04 04 
00 11 13 00 00 00 03 0C 08 00 00 10 11 01 01 00 03 0C 00 04 
00 01 13 01 01 00 03 0C 0C 00 00 01 01 00 00 00 03 00 00 00 
01 00 00 01 01 08 00 00 0C 0C 01 00 00 13 03 00 00 00 1C 1C 
01 00 00 13 13 00 00 00 1C 1C 01 00 00 13 11 00 00 00 1C 1C 
01 00 00 13 01 00 00 00 1C 0C 01 00 00 13 01 04 00 00 1C 04 
00 00 01 11 00 00 00 00 0C 0C 01 00 00 11 00 00 00 00 0C 0C 
01 00 00 00 00 00 00 00 0C 00 00 00 00 00 00 00 00 00 00 0C 
10 11 00 00 00 03 13 00 00 00 11 13 01 00 00 13 13 04 00 00 
11 13 01 00 00 13 13 00 00 00 11 13 11 00 00 13 13 0C 00 00 
01 13 13 00 00 03 13 1C 00 00 00 11 13 00 00 01 13 1C 00 00 
01 11 11 00 00 03 13 00 00 00 00 11 00 00 00 07 13 00 00 00 
00 00 00 00 00 01 07 00 00 00 00 00 00 00 00 01 03 00 00 00 
00 00 00 00 13 00 00 00 00 1C 00 00 00 00 13 00 00 00 00 1C 
00 00 00 00 13 00 00 00 00 1C 00 00 00 00 13 00 00 00 00 1C 
00 00 00 00 03 00 00 00 00 1C 00 00 00 00 03 00 00 00 00 1C 
00 00 00 00 13 00 00 00 00 1C 00 00 00 00 13 00 00 00 00 1C 
00 00 00 00 13 00 00 00 00 1C 00 00 00 00 13 00 00 00 00 1C 

--- BAUDOT DECODE ---

               TT        TT        TT        OT        OT   TT   OT        OT        T                                      T                  T    I    T    I                                             TO        TO        TT        TO        OO        TO        TO                   T                                I    T    I   TT    I    T    U    T                                                   T         T        TT      T TT   T  T OT         T    TTTT O     T T O         O         T      T         T    II   T    I             T    IIT   T    IT  TT   IT           T                     TO        TO        TO        OO        OO   ZT   BB   TT   OO         T         O         T                      I TZ T    I  Z T    U    T    U  TTM    U TZ T    I ZZ O    U  T T    I         I               TT I   TZ TT I T ZBTOT I   TBTOT UT TBTTTHIHT TBTO  II  TX O  I   TT T  I    T T  I TT TZ    QBZ TBU  IUBZ TZU  IUBZ TTU   IBZ  TU   IBZ   U   IBZ   U   IZ    I    Z    I    T              T       OTTT I    BT T II  TBT T IU   BW MIII  MOT GIIU ZBZZ OIIU ZXZT OIII TZT  MII   T   O   T         B    I    T    I    T    U    Z    I    T    U    T        T         T                         T      TT T       T T         O     TTT O IU  TTT O     T T O     T  TO    TT  TB     T  OO                               I  TTO    UT Z Z   IU  ZTM    U  ZTZ   IU  TTZ   U   ZB   IU   ZZ    I  ZZ TO I    O OO I    T BO I T TB BO I Z TBTBO U Z TOTBT I Z TZTXO IIZ TBTBT UIT TBTOT IIT  T T  I           TTT TI   IZZZ  I   ITZ   U   IBZ TTU   IBZ TTU   IBZ  TU   IBZ  TU   IBZ   U   IBZ   U       Z  T I    B  T      TT T      T  T      T  T I    T  O    ZB   OI  EZTT OI   TBTT OII  TT   O   T  TT  IIT  BO   UUT  BB   UUT  BZ   UUT  BT   UIT  BT   U   TZ    IIT  Z    IIT       I          IEZ   OB   ZBT  BB   ZBT  BB   ZBZ  BBI  TBB  OBU   ZB  TBU  TZZ  OB    Z   MB        TM        TO       B    U    B    U    B    U    B    U    O    U    O    U    B    U    B    U    B    U    B    U

--- 5-bit raw values as ASCII ---
[00] [00] [00] [00] [00] [00] [00] [00] [00] [00] [00] [00] [00] [00] [00] [01] [01] [00] [00] [00] [00] [00] [00] [00] [00] [01] [01] [00] [00] [00] [00] [00] [00] [00] [00] [01] [01] [00] [00] [00] 
[00] [00] [00] [00] [00] [03] [01] [00] [00] [00] [00] [00] [00] [00] [00] [03] [01] [00] [00] [00] [01] [01] [00] [00] [00] [03] [01] [00] [00] [00] [00] [00] [00] [00] [00] [03] [01] [00] [00] [00] 
[00] [00] [00] [00] [00] [01] [00] [00] [00] [00] [00] [00] [00] [00] [00] [00] [00] [00] [00] [00] [00] [00] [00] [00] [00] [00] [00] [00] [00] [00] [00] [00] [00] [00] [00] [00] [00] [00] [00] [00] 
[00] [00] [00] [00] [01] [00] [00] [00] [00] [00] [00] [00] [00] [00] [00] [00] [00] [00] [00] [08] [00] [00] [00] [00] [01] [00] [00] [00] [00] [0C] [00] [00] [00] [00] [01] [00] [00] [00] [04] [0C] 
[00] [00] [00] [00] [00] [00] [00] [00] [00] [00] [00] [00] [00] [00] [00] [00] [00] [00] [00] [00] [00] [00] [00] [00] [00] [00] [00] [00] [00] [00] [00] [00] [00] [00] [00] [00] [00] [00] [00] [00] 
[00] [00] [00] [00] [00] [01] [03] [00] [00] [00] [00] [00] [00] [00] [00] [01] [03] [00] [00] [00] [00] [00] [00] [00] [00] [01] [01] [00] [00] [00] [00] [00] [00] [00] [00] [01] [03] [00] [00] [00] 
[00] [00] [00] [00] [00] [03] [03] [00] [00] [00] [00] [00] [00] [00] [00] [01] [03] [00] [04] [00] [00] [00] [00] [00] [00] [01] [03] [00] [00] [00] [00] [00] [00] [00] [00] [00] [00] [00] [00] [00] 
[00] [00] [00] [00] [00] [00] [01] [00] [00] [00] [00] [00] [00] [00] [00] [00] [00] [00] [00] [00] [00] [00] [00] [00] [00] [00] [00] [00] [00] [00] [00] [00] [00] [00] [00] [00] [00] [00] [00] [0C] 
[00] [00] [00] [00] [01] [00] [00] [00] [00] [0C] [00] [00] [00] [01] [01] [00] [00] [00] [00] [0C] [00] [00] [00] [00] [01] [00] [00] [00] [00] [1C] [00] [00] [00] [00] [01] [00] [00] [00] [04] [04] 
[00] [00] [00] [00] [00] [00] [00] [00] [00] [00] [00] [00] [00] [00] [00] [00] [00] [00] [00] [00] [00] [00] [00] [00] [00] [00] [00] [00] [00] [00] [00] [00] [00] [00] [00] [00] [00] [00] [00] [00] 
[00] [00] [00] [00] [00] [00] [01] [00] [00] [00] [00] [00] [00] [00] [00] [00] [01] [00] [00] [00] [00] [00] [00] [00] [00] [01] [01] [00] [00] [00] [00] [00] [00] [01] [00] [01] [01] [00] [00] [00] 
[01] [00] [00] [01] [00] [03] [01] [00] [00] [00] [00] [00] [00] [00] [00] [00] [01] [04] [04] [04] [00] [01] [01] [01] [01] [00] [03] [00] [00] [00] [00] [00] [01] [00] [01] [00] [03] [00] [00] [00] 
[00] [00] [00] [00] [00] [00] [03] [00] [00] [00] [00] [00] [00] [00] [00] [00] [01] [00] [00] [00] [00] [00] [00] [01] [00] [00] [00] [00] [00] [00] [00] [00] [00] [01] [00] [00] [00] [00] [0C] [0C] 
[00] [00] [00] [01] [00] [00] [00] [00] [0C] [08] [00] [00] [00] [00] [00] [00] [00] [00] [00] [00] [00] [00] [00] [01] [00] [00] [00] [00] [0C] [0C] [01] [00] [00] [00] [01] [04] [00] [00] [04] [0C] 
[01] [00] [00] [01] [01] [00] [00] [00] [08] [0C] [01] [00] [00] [00] [00] [00] [00] [00] [00] [08] [00] [00] [00] [01] [00] [00] [00] [00] [00] [00] [00] [00] [00] [00] [00] [00] [00] [00] [00] [00] 
[00] [00] [00] [00] [00] [01] [03] [00] [00] [00] [00] [00] [00] [00] [00] [01] [03] [00] [00] [00] [00] [00] [00] [00] [00] [01] [03] [00] [00] [00] [00] [00] [00] [00] [00] [03] [03] [00] [00] [00] 
[00] [00] [00] [00] [00] [03] [03] [00] [00] [00] [11] [01] [00] [00] [00] [13] [13] [00] [00] [00] [01] [01] [00] [00] [00] [03] [03] [00] [00] [00] [00] [00] [00] [00] [00] [00] [01] [00] [00] [00] 
[00] [00] [00] [00] [00] [00] [03] [00] [00] [00] [00] [00] [00] [00] [00] [00] [01] [00] [00] [00] [00] [00] [00] [00] [00] [00] [00] [00] [00] [00] [00] [00] [00] [00] [00] [00] [00] [00] [00] [0C] 
[00] [01] [11] [00] [01] [00] [00] [00] [00] [0C] [00] [00] [11] [00] [01] [00] [00] [00] [00] [1C] [00] [00] [00] [00] [01] [00] [00] [00] [00] [1C] [00] [00] [01] [01] [07] [00] [00] [00] [04] [1C] 
[00] [01] [11] [00] [01] [00] [00] [00] [04] [0C] [00] [11] [11] [00] [03] [00] [00] [00] [04] [1C] [00] [00] [01] [00] [01] [00] [00] [00] [00] [0C] [00] [00] [00] [00] [00] [00] [00] [00] [00] [0C] 
[00] [00] [00] [00] [00] [00] [00] [00] [00] [00] [00] [00] [00] [00] [00] [01] [01] [00] [0C] [00] [00] [00] [01] [11] [00] [01] [01] [00] [0C] [00] [01] [00] [11] [13] [01] [03] [01] [00] [0C] [00] 
[00] [00] [01] [13] [01] [03] [01] [00] [1C] [08] [01] [00] [01] [13] [01] [01] [01] [05] [0C] [05] [01] [00] [01] [13] [01] [03] [00] [00] [0C] [0C] [00] [00] [01] [17] [00] [03] [00] [00] [0C] [00] 
[00] [00] [01] [01] [00] [01] [00] [00] [0C] [00] [00] [00] [00] [01] [00] [01] [00] [00] [0C] [00] [01] [01] [00] [01] [11] [00] [00] [00] [00] [1D] [13] [11] [00] [01] [13] [1C] [00] [00] [0C] [1C] 
[13] [11] [00] [01] [11] [1C] [00] [00] [0C] [1C] [13] [11] [00] [01] [01] [1C] [00] [00] [00] [0C] [13] [11] [00] [00] [01] [1C] [00] [00] [00] [0C] [13] [11] [00] [00] [00] [1C] [00] [00] [04] [0C] 
[13] [11] [00] [00] [00] [1C] [00] [00] [00] [0C] [11] [00] [00] [00] [00] [0C] [00] [00] [00] [00] [11] [00] [00] [00] [00] [0C] [00] [00] [00] [00] [01] [00] [00] [00] [00] [00] [00] [00] [00] [00] 
[00] [00] [00] [00] [00] [01] [00] [00] [00] [00] [00] [00] [00] [03] [01] [01] [01] [00] [0C] [04] [00] [00] [00] [13] [01] [00] [01] [00] [0C] [0C] [00] [00] [01] [13] [01] [00] [01] [00] [0C] [1C] 
[00] [00] [00] [13] [19] [00] [07] [0C] [0C] [0C] [00] [00] [07] [03] [01] [00] [0B] [0C] [0C] [1C] [00] [11] [13] [11] [11] [00] [03] [0C] [0C] [1C] [00] [11] [17] [11] [01] [00] [03] [0C] [0C] [0C] 
[00] [01] [11] [01] [00] [00] [07] [0C] [0C] [00] [00] [00] [01] [00] [00] [00] [03] [00] [00] [00] [01] [00] [00] [00] [00] [00] [00] [00] [00] [00] [13] [00] [00] [00] [00] [0C] [00] [00] [00] [00] 
[01] [00] [00] [00] [00] [0C] [00] [00] [00] [00] [01] [00] [00] [00] [00] [1C] [00] [00] [00] [00] [11] [00] [00] [00] [00] [0C] [00] [00] [00] [00] [01] [00] [00] [00] [00] [1C] [00] [00] [00] [00] 
[01] [00] [00] [00] [00] [08] [00] [00] [00] [00] [01] [00] [00] [00] [00] [00] [00] [00] [00] [00] [01] [00] [00] [00] [00] [00] [00] [00] [00] [00] [00] [00] [00] [00] [00] [00] [00] [00] [00] [00] 
[00] [00] [00] [00] [00] [00] [01] [00] [00] [00] [00] [00] [00] [01] [01] [00] [01] [00] [00] [00] [00] [00] [00] [00] [01] [00] [01] [00] [00] [00] [00] [00] [00] [00] [00] [00] [03] [00] [00] [04] 
[00] [00] [01] [01] [01] [00] [03] [00] [0C] [1C] [00] [00] [01] [01] [01] [00] [03] [04] [04] [04] [00] [00] [01] [00] [01] [00] [03] [00] [00] [00] [00] [00] [01] [00] [00] [01] [03] [00] [00] [00] 
[00] [01] [01] [00] [00] [01] [13] [00] [00] [00] [00] [00] [01] [00] [00] [03] [03] [00] [00] [00] [00] [00] [00] [00] [00] [00] [00] [00] [00] [00] [00] [00] [00] [00] [00] [00] [00] [00] [00] [08] 
[00] [00] [00] [00] [00] [00] [00] [00] [00] [0C] [00] [00] [01] [01] [03] [00] [00] [00] [04] [1C] [01] [00] [11] [00] [11] [00] [00] [00] [0C] [1C] [00] [00] [11] [01] [07] [04] [00] [00] [04] [1C] 
[00] [00] [11] [01] [11] [00] [00] [00] [0C] [1C] [00] [00] [01] [01] [11] [00] [00] [00] [08] [1C] [00] [00] [00] [11] [13] [00] [00] [00] [0C] [1C] [00] [00] [00] [11] [11] [00] [00] [00] [00] [0C] 
[00] [00] [11] [11] [00] [01] [03] [00] [0C] [00] [00] [00] [00] [03] [00] [03] [03] [00] [0C] [00] [00] [00] [00] [01] [00] [13] [03] [00] [0C] [00] [01] [00] [01] [13] [00] [13] [03] [04] [0C] [00] 
[11] [00] [01] [13] [01] [13] [03] [00] [1C] [00] [11] [00] [01] [03] [01] [13] [01] [04] [0C] [04] [11] [00] [01] [11] [01] [17] [03] [00] [0C] [0C] [11] [00] [01] [13] [01] [13] [01] [00] [1C] [0C] 
[01] [00] [01] [13] [01] [03] [01] [00] [0C] [0C] [01] [00] [00] [01] [00] [01] [00] [00] [0C] [00] [00] [00] [00] [00] [00] [00] [00] [00] [00] [00] [01] [01] [01] [00] [01] [0C] [00] [00] [00] [0C] 
[11] [11] [11] [00] [00] [0C] [00] [00] [00] [0C] [01] [11] [00] [00] [00] [1C] [00] [00] [00] [0C] [13] [11] [00] [01] [01] [1C] [00] [00] [00] [0C] [13] [11] [00] [01] [01] [1C] [00] [00] [04] [0C] 
[13] [11] [00] [00] [01] [1C] [00] [00] [00] [0C] [13] [11] [00] [00] [01] [1C] [00] [00] [00] [0C] [13] [11] [00] [00] [00] [1C] [00] [00] [00] [0C] [13] [11] [00] [00] [00] [1C] [00] [00] [00] [00] 
[00] [00] [00] [11] [00] [00] [01] [00] [0C] [00] [00] [00] [00] [13] [00] [00] [01] [00] [00] [00] [00] [00] [00] [01] [01] [00] [01] [00] [00] [00] [00] [00] [00] [01] [00] [00] [01] [00] [00] [00] 
[00] [00] [00] [01] [00] [00] [01] [00] [0C] [00] [00] [00] [00] [01] [00] [00] [03] [00] [04] [04] [00] [11] [13] [00] [00] [00] [03] [0C] [08] [00] [00] [10] [11] [01] [01] [00] [03] [0C] [00] [04] 
[00] [01] [13] [01] [01] [00] [03] [0C] [0C] [00] [00] [01] [01] [00] [00] [00] [03] [00] [00] [00] [01] [00] [00] [01] [01] [08] [00] [00] [0C] [0C] [01] [00] [00] [13] [03] [00] [00] [00] [1C] [1C] 
[01] [00] [00] [13] [13] [00] [00] [00] [1C] [1C] [01] [00] [00] [13] [11] [00] [00] [00] [1C] [1C] [01] [00] [00] [13] [01] [00] [00] [00] [1C] [0C] [01] [00] [00] [13] [01] [04] [00] [00] [1C] [04] 
[00] [00] [01] [11] [00] [00] [00] [00] [0C] [0C] [01] [00] [00] [11] [00] [00] [00] [00] [0C] [0C] [01] [00] [00] [00] [00] [00] [00] [00] [0C] [00] [00] [00] [00] [00] [00] [00] [00] [00] [00] [0C] 
[10] [11] [00] [00] [00] [03] [13] [00] [00] [00] [11] [13] [01] [00] [00] [13] [13] [04] [00] [00] [11] [13] [01] [00] [00] [13] [13] [00] [00] [00] [11] [13] [11] [00] [00] [13] [13] [0C] [00] [00] 
[01] [13] [13] [00] [00] [03] [13] [1C] [00] [00] [00] [11] [13] [00] [00] [01] [13] [1C] [00] [00] [01] [11] [11] [00] [00] [03] [13] [00] [00] [00] [00] [11] [00] [00] [00] [07] [13] [00] [00] [00] 
[00] [00] [00] [00] [00] [01] [07] [00] [00] [00] [00] [00] [00] [00] [00] [01] [03] [00] [00] [00] [00] [00] [00] [00] [13] [00] [00] [00] [00] [1C] [00] [00] [00] [00] [13] [00] [00] [00] [00] [1C] 
[00] [00] [00] [00] [13] [00] [00] [00] [00] [1C] [00] [00] [00] [00] [13] [00] [00] [00] [00] [1C] [00] [00] [00] [00] [03] [00] [00] [00] [00] [1C] [00] [00] [00] [00] [03] [00] [00] [00] [00] [1C] 
[00] [00] [00] [00] [13] [00] [00] [00] [00] [1C] [00] [00] [00] [00] [13] [00] [00] [00] [00] [1C] [00] [00] [00] [00] [13] [00] [00] [00] [00] [1C] [00] [00] [00] [00] [13] [00] [00] [00] [00] [1C] 
