================================================================================
METHOD 8: 8-Track Row-Major LSB First (content_all)
================================================================================

Same as Method 1 but bits reversed (LSB first).
5 rows × 8 bits MSB-first-within-column = 5 bytes per block.

Total frames: 2000
Printable ASCII: 380 (19.0%)
Alpha letters: 2 (0.1%)
Unique byte values: 18


--------------------------------------------------------------------------------
RAW FRAMES (hex)
--------------------------------------------------------------------------------

0000: 00 00 00 00 00 00 00 00 00 00 00 00 00 00 00 20   ............... 
0010: 20 00 00 00 00 00 00 00 00 20 20 00 00 00 00 00    ........  .....
0020: 00 00 00 20 20 00 00 00 00 00 00 00 00 30 20 00   ...  ........0 .
0030: 00 00 00 00 00 00 00 30 20 00 00 00 22 22 00 00   .......0 ...""..
0040: 00 30 20 00 00 00 02 00 00 00 00 30 20 00 00 00   .0 ........0 ...
0050: 00 00 00 00 00 20 00 00 00 00 00 00 00 00 00 00   ..... ..........
0060: 00 00 00 00 00 00 00 00 00 00 00 00 00 00 00 00   ................
0070: C0 00 00 00 00 00 00 80 00 C0 C0 00 20 00 00 00   ............ ...
0080: 00 80 00 00 C0 00 00 00 00 00 00 84 00 82 C2 00   ................
0090: 20 00 00 00 00 8E 00 00 C2 00 22 00 00 00 08 CE    .........".....
00A0: 00 00 C2 00 00 00 00 00 00 80 00 00 C2 00 00 00   ................
00B0: 00 00 00 00 00 00 00 00 00 00 00 00 00 00 00 00   ................
00C0: 00 00 00 00 00 00 00 00 00 00 00 00 00 20 30 00   ............. 0.
00D0: 00 00 00 02 00 00 00 20 30 00 00 00 02 02 00 00   ....... 0.......
00E0: 00 20 20 00 00 00 00 80 00 00 00 20 30 00 00 00   .  ........ 0...
00F0: 00 C0 00 00 00 30 30 00 00 00 02 00 00 00 00 20   .....00........ 
0100: 30 00 08 00 02 00 00 00 00 20 30 00 80 00 00 00   0........ 0.....
0110: 00 00 00 00 00 00 00 00 00 00 00 00 00 00 20 00   .............. .
0120: 00 00 00 00 00 00 00 00 00 00 00 00 00 00 00 00   ................
0130: 00 00 00 00 00 80 00 00 00 00 00 00 00 00 00 8C   ................
0140: 00 00 00 00 20 00 00 00 80 8E 00 00 00 20 20 00   .... ........  .
0150: 00 00 00 CE 00 00 00 00 20 00 00 00 80 CF 00 00   ........ .......
0160: 00 00 22 00 00 00 08 8A 00 00 00 00 00 00 00 00   ..".............
0170: 00 80 00 00 00 00 00 00 00 00 00 00 00 00 00 00   ................
0180: 00 00 00 00 00 00 00 00 00 00 00 00 00 00 00 00   ................
0190: 00 00 00 00 00 00 20 00 00 00 00 00 00 00 00 00   ...... .........
01A0: 20 00 80 00 00 00 00 00 00 20 20 00 00 00 00 00    ........  .....
01B0: 00 20 00 20 20 00 00 00 22 00 00 20 00 30 20 00   . .  ...".. .0 .
01C0: 80 82 00 00 00 00 00 00 20 08 88 8A 00 E0 20 20   ........ .....  
01D0: 20 00 30 00 80 82 00 80 20 00 20 00 30 00 00 00    .0..... . .0...
01E0: 00 02 00 00 00 00 30 00 00 00 00 00 00 00 00 00   ......0.........
01F0: 20 00 00 00 00 00 C0 20 00 00 00 00 80 80 00 00    ...... ........
0200: C0 20 00 00 00 00 8C 8E 00 00 C0 20 00 00 00 00   . ......... ....
0210: 8C 84 00 00 C0 00 00 00 00 00 80 80 00 00 C0 20   ............... 
0220: 00 00 00 00 8C 8E 20 00 C0 02 22 8A 00 00 88 8E   ...... ...".....
0230: 20 00 C0 20 20 80 00 00 84 8E 20 00 C0 00 00 00    ..  ..... .....
0240: 00 00 80 84 00 00 C0 20 00 00 00 00 00 80 00 00   ....... ........
0250: 00 00 00 00 00 00 00 80 00 00 00 00 00 20 30 00   ............. 0.
0260: 00 00 00 02 00 00 00 20 30 00 00 00 02 82 00 00   ....... 0.......
0270: 00 20 30 00 80 82 00 82 00 00 00 30 30 00 00 00   . 0........00...
0280: 02 C2 00 00 00 30 30 00 00 00 E3 E2 00 00 00 33   .....00........3
0290: 31 00 00 00 22 E2 00 00 00 30 30 00 00 00 00 00   1..."....00.....
02A0: 00 00 00 00 20 00 00 00 00 00 00 00 00 00 30 00   .... .........0.
02B0: 00 00 00 00 00 00 00 00 20 00 00 00 00 00 C0 00   ........ .......
02C0: 00 00 00 00 00 00 00 C2 C2 00 00 00 00 00 00 8C   ................
02D0: 00 E2 E3 00 20 00 00 00 80 8E 00 02 E3 00 20 00   .... ......... .
02E0: 00 00 00 CF 00 00 C2 00 20 00 00 00 80 CF 00 C2   ........ .......
02F0: E2 22 3A 00 00 80 88 CF 00 E2 E3 00 20 00 00 00   .":......... ...
0300: 08 CE 00 E3 E3 00 30 00 00 00 08 8F 00 02 E2 00   ......0.........
0310: 20 00 00 00 00 8E 00 00 C2 00 00 00 00 00 80 8C    ...............
0320: 00 00 00 00 00 00 00 00 00 80 00 00 00 00 00 20   ............... 
0330: 20 00 8C 00 00 00 20 21 00 20 20 80 8E 80 22 00    ..... !.  ...".
0340: 21 33 20 30 20 80 CE 82 02 00 20 33 20 30 20 82   !3 0 ..... 3 0 .
0350: CF 86 22 00 22 33 22 20 20 28 CE AA 22 00 20 33   .."."3"  (..". 3
0360: 20 30 00 00 CE 8E 02 00 20 39 00 30 00 00 CE 80    0...... 9.0....
0370: 00 00 20 20 00 20 00 00 8C 00 00 00 00 20 00 20   ..  . ....... . 
0380: 00 00 8C 00 20 E0 C0 20 23 82 00 00 80 EF 33 E3   .... .. #.....3.
0390: C2 20 31 CF 00 00 8C CF 33 E3 C2 20 23 8F 00 00   . 1.....3.. #...
03A0: 8C 8F 33 E3 C0 20 20 CF 00 00 80 CE 33 E3 00 00   ..3..  .....3...
03B0: 20 CF 00 00 00 8E B3 E3 00 00 02 CF 80 00 08 8E    ...............
03C0: 33 E3 00 00 00 CF 00 00 00 8E 23 C2 00 00 00 8E   3.........#.....
03D0: 00 00 00 80 21 C2 00 00 00 8E 00 00 00 80 20 02   ....!......... .
03E0: 00 00 00 82 00 00 00 80 00 00 00 00 00 20 00 00   ............. ..
03F0: 80 80 00 00 00 30 20 20 20 00 CC 88 00 00 00 31   .....0   ......1
0400: 20 00 20 00 CE 8E 00 00 20 33 20 00 20 00 CE CF    . ..... 3 . ...
0410: 00 00 00 33 25 00 38 8C CE 8E 00 82 3A 32 22 00   ...3%.8.....:2".
0420: 34 CE CE CF 00 E3 33 21 21 00 30 CE CE 8F 00 E3   4.....3!!.0.....
0430: 3B 23 20 00 30 8E CE 8E 00 E2 23 20 00 00 38 0E   ;# .0.....# ..8.
0440: 8C 82 00 C2 20 00 00 00 30 00 00 80 20 C0 00 00   .... ...0... ...
0450: 00 C2 00 00 00 00 31 00 00 00 00 8E 00 00 00 00   ......1.........
0460: 20 00 00 00 00 8E 00 00 00 00 20 00 00 00 00 CF    ......... .....
0470: 00 00 00 00 21 00 80 00 00 8E 00 00 00 00 22 00   ....!.........".
0480: 00 00 00 8F 00 00 00 00 20 00 00 00 00 86 00 00   ........ .......
0490: 00 00 20 00 00 00 00 82 00 00 00 80 20 00 00 00   .. ......... ...
04A0: 00 00 00 00 00 80 00 00 00 00 00 00 00 00 00 80   ................
04B0: 00 00 00 00 00 00 20 00 00 00 00 00 00 20 20 00   ...... ......  .
04C0: 20 00 00 82 00 00 00 00 20 00 20 00 80 82 00 00    ....... . .....
04D0: 00 00 00 00 30 00 80 8A 00 80 20 20 20 00 30 80   ....0.....   .0.
04E0: 8E 8F 00 00 22 20 22 00 30 88 88 8A 00 02 20 00   ...." ".0..... .
04F0: 20 00 30 00 80 02 00 C0 20 00 00 20 30 82 00 00    .0..... .. 0...
0500: 00 E2 20 00 00 20 31 80 00 00 00 C2 20 00 00 30   .. .. 1..... ..0
0510: 30 00 80 00 00 00 C0 00 00 00 00 00 00 80 00 80   0...............
0520: C0 00 00 00 00 00 00 84 00 C0 C2 00 00 00 00 00   ................
0530: 00 8E 00 C2 E2 20 30 00 00 00 88 CF 20 C2 E3 00   ..... 0..... ...
0540: 21 02 00 00 8C CF 00 C2 E3 22 3A 08 00 00 C8 CF   !........":.....
0550: 00 42 E3 20 23 00 00 00 8E CF 00 00 E2 20 23 00   .B. #........ #.
0560: 00 00 84 CF 00 00 C2 23 33 00 00 00 CE CF 00 00   .......#3.......
0570: C2 23 21 00 00 00 80 8E 00 00 21 21 00 20 30 02   .#!.......!!. 0.
0580: CE 00 00 00 00 30 00 30 30 00 CE 80 82 C0 00 20   .....0.00...... 
0590: 00 33 30 80 8E 80 E2 82 20 33 00 33 32 0A CE 82   .30..... 3.32...
05A0: E3 00 20 33 20 33 30 00 CF 82 E3 00 22 32 22 33   .. 3 30....."2"3
05B0: 20 08 CE 8A E3 00 20 23 20 3B 30 00 CE 8E A3 00    ..... # ;0.....
05C0: 20 33 20 31 20 80 CF 8E 22 00 20 33 20 30 20 00    3 1 ...". 3 0 .
05D0: 8E 8E 20 00 00 20 00 20 00 00 8C 82 00 00 C0 00   .. .. . ........
05E0: 00 80 00 00 80 80 20 E2 E2 00 20 CE 00 00 80 8E   ...... ... .....
05F0: 23 E3 E3 00 00 8E 00 00 80 8E 20 E3 C2 00 00 CF   #......... .....
0600: 00 00 80 8E 33 E3 C0 20 20 8F 00 00 80 8E 33 E3   ....3..  .....3.
0610: C0 22 22 CF 00 00 08 CE 33 E3 40 00 20 CF 00 00   ."".....3.@. ...
0620: 00 CE 33 E3 80 00 20 CF 80 00 00 8E 33 E3 C0 00   ..3... .....3...
0630: 00 CF 00 00 00 8E B3 E3 00 00 00 8F 00 00 00 80   ................
0640: 00 00 00 21 00 00 20 00 CE 82 00 00 00 33 00 00   ...!.. ......3..
0650: 20 00 80 82 00 00 00 20 20 00 20 00 80 80 00 00    ......  . .....
0660: 00 20 00 00 20 00 80 80 00 00 00 20 00 00 20 00   . .. ...... .. .
0670: 8C 00 00 00 00 22 00 00 30 80 88 08 00 E3 33 00   ....."..0.....3.
0680: 00 00 30 8E 84 80 00 03 23 20 20 00 30 8E 80 8A   ..0.....#  .0...
0690: 00 E2 33 20 20 00 30 8E 8C 00 00 E2 20 00 00 00   ..3  .0..... ...
06A0: 30 80 80 80 20 00 C0 20 20 86 00 00 CC CE 20 00   0... ..  ..... .
06B0: C0 33 30 82 00 00 CF CF 20 00 C2 33 33 82 00 00   .30..... ..33...
06C0: CF CF 20 00 C2 33 21 82 00 00 CF 8F 20 00 C2 33   .. ..3!..... ..3
06D0: 20 00 00 00 CF 8E 22 00 C2 33 22 88 00 00 CF 8A    ....."..3".....
06E0: 00 00 E2 23 00 80 00 00 CE 8E 20 00 C0 21 00 82   ...#...... ..!..
06F0: 00 00 CE 8E 20 00 80 00 00 00 00 00 8C 80 00 00   .... ...........
0700: 00 00 00 80 00 00 80 8C 01 E3 00 00 00 30 33 80   .............03.
0710: 00 00 E3 F3 20 00 00 73 33 8A 00 00 E3 F3 20 00   .... ..s3..... .
0720: 00 33 33 82 00 00 E3 F3 21 00 00 33 33 CE 00 00   .33.....!..33...
0730: 22 F3 33 00 00 30 33 CF 00 00 02 E3 33 00 00 20   ".3..03.....3.. 
0740: 33 8F 00 00 22 E3 23 00 00 30 33 02 00 00 02 E3   3...".#..03.....
0750: 00 00 00 38 33 00 00 00 00 C2 00 00 00 20 38 00   ...83........ 8.
0760: 00 00 00 82 00 00 00 20 30 00 00 00 00 00 00 00   ....... 0.......
0770: 33 00 00 00 00 CF 00 00 00 00 33 00 00 00 00 CF   3.........3.....
0780: 00 00 C0 00 33 00 00 00 00 8F 00 00 00 00 33 00   ....3.........3.
0790: 00 00 00 CF 00 00 00 80 32 00 00 00 00 CF 00 00   ........2.......
07A0: 00 00 B2 00 00 00 00 CF 00 00 40 00 33 00 00 00   ..........@.3...
07B0: 00 CF 00 00 00 00 33 00 00 00 00 CF 00 00 00 00   ......3.........
07C0: 33 00 00 00 00 CF 00 00 00 00 33 00 00 00 00 8F   3.........3.....

--------------------------------------------------------------------------------
DECODED TEXT
--------------------------------------------------------------------------------

[00][00][00][00][00][00][00][00][00][00][00][00][00][00][00]  [00][00][00][00][00][00][00][00]  [00][00][00][00][00][00][00][00]  [00][00][00][00][00][00][00][00]0 [00][00][00][00][00][00][00][00]0 [00][00][00]""[00][00][00]0 [00][00][00][02][00][00][00][00]0 [00][00][00][00][00][00][00][00] [00][00][00][00][00][00][00][00][00][00][00][00][00][00][00][00][00][00][00][00][00][00][00][00][00][00][C0][00][00][00][00][00][00][80][00][C0][C0][00] [00][00][00][00][80][00][00][C0][00][00][00][00][00][00][84][00][82][C2][00] [00][00][00][00][8E][00][00][C2][00]"[00][00][00][08][CE][00][00][C2][00][00][00][00][00][00][80][00][00][C2][00][00][00][00][00][00][00][00][00][00][00][00][00][00][00][00][00][00][00][00][00][00][00][00][00][00][00][00][00][00][00][00] 0[00][00][00][00][02][00][00][00] 0[00][00][00][02][02][00][00][00]  [00][00][00][00][80][00][00][00] 0[00][00][00][00][C0][00][00][00]00[00][00][00][02][00][00][00][00] 0[00][08][00][02][00][00][00][00] 0[00][80][00][00][00][00][00][00][00][00][00][00][00][00][00][00][00][00][00] [00][00][00][00][00][00][00][00][00][00][00][00][00][00][00][00][00][00][00][00][00][00][80][00][00][00][00][00][00][00][00][00][8C][00][00][00][00] [00][00][00][80][8E][00][00][00]  [00][00][00][00][CE][00][00][00][00] [00][00][00][80][CF][00][00][00][00]"[00][00][00][08][8A][00][00][00][00][00][00][00][00][00][80][00][00][00][00][00][00][00][00][00][00][00][00][00][00][00][00][00][00][00][00][00][00][00][00][00][00][00][00][00][00][00][00][00][00][00][00] [00][00][00][00][00][00][00][00][00] [00][80][00][00][00][00][00][00]  [00][00][00][00][00][00] [00]  [00][00][00]"[00][00] [00]0 [00][80][82][00][00][00][00][00][00] [08][88][8A][00][E0]   [00]0[00][80][82][00][80] [00] [00]0[00][00][00][00][02][00][00][00][00]0[00][00][00][00][00][00][00][00][00] [00][00][00][00][00][C0] [00][00][00][00][80][80][00][00][C0] [00][00][00][00][8C][8E][00][00][C0] [00][00][00][00][8C][84][00][00][C0][00][00][00][00][00][80][80][00][00][C0] [00][00][00][00][8C][8E] [00][C0][02]"[8A][00][00][88][8E] [00][C0]  [80][00][00][84][8E] [00][C0][00][00][00][00][00][80][84][00][00][C0] [00][00][00][00][00][80][00][00][00][00][00][00][00][00][00][80][00][00][00][00][00] 0[00][00][00][00][02][00][00][00] 0[00][00][00][02][82][00][00][00] 0[00][80][82][00][82][00][00][00]00[00][00][00][02][C2][00][00][00]00[00][00][00][E3][E2][00][00][00]31[00][00][00]"[E2][00][00][00]00[00][00][00][00][00][00][00][00][00] [00][00][00][00][00][00][00][00][00]0[00][00][00][00][00][00][00][00][00] [00][00][00][00][00][C0][00][00][00][00][00][00][00][00][C2][C2][00][00][00][00][00][00][8C][00][E2][E3][00] [00][00][00][80][8E][00][02][E3][00] [00][00][00][00][CF][00][00][C2][00] [00][00][00][80][CF][00][C2][E2]":[00][00][80][88][CF][00][E2][E3][00] [00][00][00][08][CE][00][E3][E3][00]0[00][00][00][08][8F][00][02][E2][00] [00][00][00][00][8E][00][00][C2][00][00][00][00][00][80][8C][00][00][00][00][00][00][00][00][00][80][00][00][00][00][00]  [00][8C][00][00][00] ![00]  [80][8E][80]"[00]!3 0 [80][CE][82][02][00] 3 0 [82][CF][86]"[00]"3"  ([CE][AA]"[00] 3 0[00][00][CE][8E][02][00] 9[00]0[00][00][CE][80][00][00]  [00] [00][00][8C][00][00][00][00] [00] [00][00][8C][00] [E0][C0] #[82][00][00][80][EF]3[E3][C2] 1[CF][00][00][8C][CF]3[E3][C2] #[8F][00][00][8C][8F]3[E3][C0]  [CF][00][00][80][CE]3[E3][00][00] [CF][00][00][00][8E][B3][E3][00][00][02][CF][80][00][08][8E]3[E3][00][00][00][CF][00][00][00][8E]#[C2][00][00][00][8E][00][00][00][80]![C2][00][00][00][8E][00][00][00][80] [02][00][00][00][82][00][00][00][80][00][00][00][00][00] [00][00][80][80][00][00][00]0   [00][CC][88][00][00][00]1 [00] [00][CE][8E][00][00] 3 [00] [00][CE][CF][00][00][00]3%[00]8[8C][CE][8E][00][82]:2"[00]4[CE][CE][CF][00][E3]3!![00]0[CE][CE][8F][00][E3];# [00]0[8E][CE][8E][00][E2]# [00][00]8[0E][8C][82][00][C2] [00][00][00]0[00][00][80] [C0][00][00][00][C2][00][00][00][00]1[00][00][00][00][8E][00][00][00][00] [00][00][00][00][8E][00][00][00][00] [00][00][00][00][CF][00][00][00][00]![00][80][00][00][8E][00][00][00][00]"[00][00][00][00][8F][00][00][00][00] [00][00][00][00][86][00][00][00][00] [00][00][00][00][82][00][00][00][80] [00][00][00][00][00][00][00][00][80][00][00][00][00][00][00][00][00][00][80][00][00][00][00][00][00] [00][00][00][00][00][00]  [00] [00][00][82][00][00][00][00] [00] [00][80][82][00][00][00][00][00][00]0[00][80][8A][00][80]   [00]0[80][8E][8F][00][00]" "[00]0[88][88][8A][00][02] [00] [00]0[00][80][02][00][C0] [00][00] 0[82][00][00][00][E2] [00][00] 1[80][00][00][00][C2] [00][00]00[00][80][00][00][00][C0][00][00][00][00][00][00][80][00][80][C0][00][00][00][00][00][00][84][00][C0][C2][00][00][00][00][00][00][8E][00][C2][E2] 0[00][00][00][88][CF] [C2][E3][00]![02][00][00][8C][CF][00][C2][E3]":[08][00][00][C8][CF][00]B[E3] #[00][00][00][8E][CF][00][00][E2] #[00][00][00][84][CF][00][00][C2]#3[00][00][00][CE][CF][00][00][C2]#![00][00][00][80][8E][00][00]!![00] 0[02][CE][00][00][00][00]0[00]00[00][CE][80][82][C0][00] [00]30[80][8E][80][E2][82] 3[00]32[0A][CE][82][E3][00] 3 30[00][CF][82][E3][00]"2"3 [08][CE][8A][E3][00] # ;0[00][CE][8E][A3][00] 3 1 [80][CF][8E]"[00] 3 0 [00][8E][8E] [00][00] [00] [00][00][8C][82][00][00][C0][00][00][80][00][00][80][80] [E2][E2][00] [CE][00][00][80][8E]#[E3][E3][00][00][8E][00][00][80][8E] [E3][C2][00][00][CF][00][00][80][8E]3[E3][C0]  [8F][00][00][80][8E]3[E3][C0]""[CF][00][00][08][CE]3[E3]@[00] [CF][00][00][00][CE]3[E3][80][00] [CF][80][00][00][8E]3[E3][C0][00][00][CF][00][00][00][8E][B3][E3][00][00][00][8F][00][00][00][80][00][00][00]![00][00] [00][CE][82][00][00][00]3[00][00] [00][80][82][00][00][00]  [00] [00][80][80][00][00][00] [00][00] [00][80][80][00][00][00] [00][00] [00][8C][00][00][00][00]"[00][00]0[80][88][08][00][E3]3[00][00][00]0[8E][84][80][00][03]#  [00]0[8E][80][8A][00][E2]3  [00]0[8E][8C][00][00][E2] [00][00][00]0[80][80][80] [00][C0]  [86][00][00][CC][CE] [00][C0]30[82][00][00][CF][CF] [00][C2]33[82][00][00][CF][CF] [00][C2]3![82][00][00][CF][8F] [00][C2]3 [00][00][00][CF][8E]"[00][C2]3"[88][00][00][CF][8A][00][00][E2]#[00][80][00][00][CE][8E] [00][C0]![00][82][00][00][CE][8E] [00][80][00][00][00][00][00][8C][80][00][00][00][00][00][80][00][00][80][8C][01][E3][00][00][00]03[80][00][00][E3][F3] [00][00]s3[8A][00][00][E3][F3] [00][00]33[82][00][00][E3][F3]![00][00]33[CE][00][00]"[F3]3[00][00]03[CF][00][00][02][E3]3[00][00] 3[8F][00][00]"[E3]#[00][00]03[02][00][00][02][E3][00][00][00]83[00][00][00][00][C2][00][00][00] 8[00][00][00][00][82][00][00][00] 0[00][00][00][00][00][00][00]3[00][00][00][00][CF][00][00][00][00]3[00][00][00][00][CF][00][00][C0][00]3[00][00][00][00][8F][00][00][00][00]3[00][00][00][00][CF][00][00][00][80]2[00][00][00][00][CF][00][00][00][00][B2][00][00][00][00][CF][00][00]@[00]3[00][00][00][00][CF][00][00][00][00]3[00][00][00][00][CF][00][00][00][00]3[00][00][00][00][CF][00][00][00][00]3[00][00][00][00][8F]

--------------------------------------------------------------------------------
ALL UNIQUE BYTE STATS
--------------------------------------------------------------------------------

  0x20     :  181 ########################################
  0x21    !:   14 ##############
  0x22    ":   28 ############################
  0x23    #:   14 ##############
  0x25    %:    1 #
  0x28    (:    1 #
  0x30    0:   60 ########################################
  0x31    1:    6 ######
  0x32    2:    4 ####
  0x33    3:   56 ########################################
  0x34    4:    1 #
  0x38    8:    4 ####
  0x39    9:    1 #
  0x3A    ::    3 ###
  0x3B    ;:    2 ##
  0x40    @:    2 ##
  0x42    B:    1 #
  0x73    s:    1 #
