Dot-level Baudot: no_sprocket on background_ERROR
Columns: [0, 2, 3, 4, 5]
Total: 500 frames

RAW HEX:
01 04 04 03 04 01 04 04 03 04 01 04 04 03 04 01 04 04 03 04 
01 04 04 03 04 01 04 04 03 04 01 04 04 03 04 01 04 04 03 04 
01 04 04 03 04 01 04 04 03 04 01 04 04 03 04 01 04 04 03 04 
01 04 04 03 04 01 04 04 03 04 01 04 04 03 04 01 04 04 03 04 
01 04 04 03 04 04 04 04 04 05 01 04 04 03 04 01 04 04 03 04 
01 04 04 03 04 01 04 04 03 04 01 04 04 03 04 01 04 04 03 04 
01 04 04 03 04 01 04 04 03 04 01 04 04 03 04 01 04 04 03 04 
01 04 04 03 04 01 04 04 03 04 01 04 04 03 04 01 04 04 03 04 
01 04 04 03 04 01 04 04 03 04 01 04 04 03 04 01 04 04 03 04 
01 04 04 03 04 01 04 04 03 04 01 04 04 03 04 01 04 04 03 04 
01 04 04 03 04 01 04 04 03 04 01 04 04 03 04 01 04 04 03 04 
01 04 04 03 04 01 04 04 03 04 01 04 04 03 04 01 04 04 03 04 
01 04 04 03 04 01 04 04 03 04 01 04 04 03 04 01 04 04 03 04 
01 04 04 03 04 01 04 04 03 04 01 04 04 03 04 01 04 04 03 04 
01 04 04 03 04 01 04 04 03 04 01 04 04 03 04 01 04 04 03 04 
01 04 04 03 04 01 04 04 03 04 01 04 04 03 04 01 04 04 03 04 
01 04 04 03 04 01 04 04 03 04 01 04 04 03 04 01 04 04 03 04 
01 04 04 03 04 01 04 04 03 04 01 04 04 03 04 01 04 04 03 04 
01 04 04 03 04 01 04 04 03 04 01 04 04 03 04 01 04 04 03 04 
01 04 04 03 04 01 04 04 03 04 01 04 04 03 04 01 04 04 03 04 
01 04 04 03 04 01 04 04 03 04 01 04 04 03 04 01 04 04 03 04 
01 04 04 03 04 01 04 04 03 04 01 04 04 03 04 01 04 04 03 04 
01 04 04 03 04 01 04 04 03 04 01 04 04 03 04 01 04 04 03 04 
01 04 04 03 04 01 04 04 03 04 01 04 04 03 04 01 04 04 03 04 
01 04 04 03 04 01 04 04 03 04 01 04 04 03 04 01 04 04 03 04 


BAUDOT:
T  O T  O T  O T  O T  O T  O T  O T  O T  O T  O T  O T  O T  O T  O T  O T  O T  O     HT  O T  O T  O T  O T  O T  O T  O T  O T  O T  O T  O T  O T  O T  O T  O T  O T  O T  O T  O T  O T  O T  O T  O T  O T  O T  O T  O T  O T  O T  O T  O T  O T  O T  O T  O T  O T  O T  O T  O T  O T  O T  O T  O T  O T  O T  O T  O T  O T  O T  O T  O T  O T  O T  O T  O T  O T  O T  O T  O T  O T  O T  O T  O T  O T  O T  O T  O T  O T  O T  O T  O T  O T  O T  O T  O T  O T  O T  O T  O T  O T  O T  O 

ASCII of raw values:
[01] [04] [04] [03] [04] [01] [04] [04] [03] [04] [01] [04] [04] [03] [04] [01] [04] [04] [03] [04] [01] [04] [04] [03] [04] [01] [04] [04] [03] [04] [01] [04] [04] [03] [04] [01] [04] [04] [03] [04] 
[01] [04] [04] [03] [04] [01] [04] [04] [03] [04] [01] [04] [04] [03] [04] [01] [04] [04] [03] [04] [01] [04] [04] [03] [04] [01] [04] [04] [03] [04] [01] [04] [04] [03] [04] [01] [04] [04] [03] [04] 
[01] [04] [04] [03] [04] [04] [04] [04] [04] [05] [01] [04] [04] [03] [04] [01] [04] [04] [03] [04] [01] [04] [04] [03] [04] [01] [04] [04] [03] [04] [01] [04] [04] [03] [04] [01] [04] [04] [03] [04] 
[01] [04] [04] [03] [04] [01] [04] [04] [03] [04] [01] [04] [04] [03] [04] [01] [04] [04] [03] [04] [01] [04] [04] [03] [04] [01] [04] [04] [03] [04] [01] [04] [04] [03] [04] [01] [04] [04] [03] [04] 
[01] [04] [04] [03] [04] [01] [04] [04] [03] [04] [01] [04] [04] [03] [04] [01] [04] [04] [03] [04] [01] [04] [04] [03] [04] [01] [04] [04] [03] [04] [01] [04] [04] [03] [04] [01] [04] [04] [03] [04] 
[01] [04] [04] [03] [04] [01] [04] [04] [03] [04] [01] [04] [04] [03] [04] [01] [04] [04] [03] [04] [01] [04] [04] [03] [04] [01] [04] [04] [03] [04] [01] [04] [04] [03] [04] [01] [04] [04] [03] [04] 
[01] [04] [04] [03] [04] [01] [04] [04] [03] [04] [01] [04] [04] [03] [04] [01] [04] [04] [03] [04] [01] [04] [04] [03] [04] [01] [04] [04] [03] [04] [01] [04] [04] [03] [04] [01] [04] [04] [03] [04] 
[01] [04] [04] [03] [04] [01] [04] [04] [03] [04] [01] [04] [04] [03] [04] [01] [04] [04] [03] [04] [01] [04] [04] [03] [04] [01] [04] [04] [03] [04] [01] [04] [04] [03] [04] [01] [04] [04] [03] [04] 
[01] [04] [04] [03] [04] [01] [04] [04] [03] [04] [01] [04] [04] [03] [04] [01] [04] [04] [03] [04] [01] [04] [04] [03] [04] [01] [04] [04] [03] [04] [01] [04] [04] [03] [04] [01] [04] [04] [03] [04] 
[01] [04] [04] [03] [04] [01] [04] [04] [03] [04] [01] [04] [04] [03] [04] [01] [04] [04] [03] [04] [01] [04] [04] [03] [04] [01] [04] [04] [03] [04] [01] [04] [04] [03] [04] [01] [04] [04] [03] [04] 
[01] [04] [04] [03] [04] [01] [04] [04] [03] [04] [01] [04] [04] [03] [04] [01] [04] [04] [03] [04] [01] [04] [04] [03] [04] [01] [04] [04] [03] [04] [01] [04] [04] [03] [04] [01] [04] [04] [03] [04] 
[01] [04] [04] [03] [04] [01] [04] [04] [03] [04] [01] [04] [04] [03] [04] [01] [04] [04] [03] [04] [01] [04] [04] [03] [04] [01] [04] [04] [03] [04] [01] [04] [04] [03] [04] [01] [04] [04] [03] [04] 
[01] [04] [04] [03] [04] [01] [04] [04] [03] [04] [01] [04] [04] [03] [04] [01] [04] [04] [03] [04] 